17:40:45.816 -> timestamp, ax, ay, az, gx, gy, gz
17:40:45.816 -> 0.025879, 1.009277, -0.123779, -3.419847, -0.549618, 0.732824
17:40:45.849 -> 0.030029, 1.002686, -0.119385, -3.297710, -0.671756, 0.916031
17:40:45.849 -> 0.019531, 1.013916, -0.120605, -3.175573, -0.549618, 0.916031
17:40:45.882 -> 0.031494, 1.013672, -0.127930, -3.297710, -0.610687, 1.038168
17:40:45.882 -> 0.027832, 1.004639, -0.126465, -3.053435, -0.671756, 0.793893
17:40:45.882 -> 0.029785, 1.010254, -0.125488, -3.358779, -0.671756, 0.854962
17:40:45.916 -> 0.024658, 1.004639, -0.110107, -3.358779, -0.732824, 0.732824
17:40:45.916 -> 0.032471, 1.011963, -0.124023, -3.114504, -0.732824, 0.793893
17:40:45.949 -> 0.032715, 1.014404, -0.113525, -3.358779, -0.793893, 0.916031
17:40:45.949 -> 0.021484, 1.006104, -0.121338, -3.175573, -0.671756, 0.793893
17:40:45.949 -> 0.025391, 1.004639, -0.117676, -3.358779, -0.427481, 0.854962
17:40:45.983 -> 0.018555, 1.012695, -0.116699, -3.236641, -0.610687, 0.610687
17:40:45.983 -> 0.028564, 1.014648, -0.123047, -3.297710, -0.793893, 0.977099
17:40:45.983 -> 0.024170, 1.003906, -0.124756, -3.297710, -0.610687, 0.793893
17:40:46.016 -> 0.014893, 1.013184, -0.118164, -3.236641, -0.305344, 0.793893
17:40:46.016 -> 0.024658, 1.009277, -0.113281, -3.297710, -0.488550, 0.671756
17:40:46.049 -> 0.025391, 1.005615, -0.123047, -3.236641, -0.610687, 0.793893
17:40:46.049 -> 0.022461, 1.009033, -0.123779, -3.297710, -0.610687, 0.793893
17:40:46.049 -> 0.026123, 1.008545, -0.119385, -3.419847, -0.732824, 0.854962
17:40:46.082 -> 0.022705, 1.007324, -0.120117, -3.358779, -0.549618, 0.793893
17:40:46.082 -> 0.026123, 1.008057, -0.115723, -3.236641, -0.671756, 0.854962
17:40:46.116 -> 0.024902, 1.007812, -0.122314, -3.175573, -0.610687, 0.732824
17:40:46.116 -> 0.032227, 1.008545, -0.117432, -3.419847, -0.610687, 0.793893
17:40:46.116 -> 0.022461, 1.010254, -0.125732, -3.175573, -0.732824, 0.793893
17:40:46.149 -> 0.027588, 1.010254, -0.125244, -3.175573, -0.610687, 0.793893
17:40:46.149 -> 0.028564, 1.010742, -0.126465, -3.236641, -0.549618, 0.793893
17:40:46.183 -> 0.025879, 1.010254, -0.118896, -3.175573, -0.671756, 0.854962
17:40:46.183 -> 0.026611, 1.003418, -0.120605, -3.419847, -0.610687, 0.793893
17:40:46.216 -> 0.031738, 1.008301, -0.135010, -3.297710, -0.488550, 0.977099
17:40:46.216 -> 0.021240, 1.012695, -0.131104, -3.297710, -0.671756, 0.793893
17:40:46.216 -> 0.031006, 1.006836, -0.121338, -3.175573, -0.671756, 0.732824
17:40:46.249 -> 0.027832, 1.007812, -0.115479, -3.297710, -0.854962, 0.977099
17:40:46.249 -> 0.028076, 1.005371, -0.123291, -3.297710, -0.488550, 0.610687
17:40:46.249 -> 0.026123, 1.006836, -0.131348, -3.175573, -0.732824, 0.732824
17:40:46.282 -> 0.023682, 1.012451, -0.128906, -3.175573, -0.854962, 0.916031
17:40:46.282 -> 0.029541, 1.011475, -0.117920, -3.358779, -0.610687, 0.732824
17:40:46.316 -> 0.030762, 1.017822, -0.116455, -3.297710, -0.427481, 0.916031
17:40:46.316 -> 0.025635, 1.010986, -0.110107, -3.358779, -0.732824, 0.977099
17:40:46.316 -> 0.027344, 1.010986, -0.115723, -3.053435, -0.671756, 0.916031
17:40:46.349 -> 0.024170, 1.009277, -0.130615, -3.297710, -0.732824, 0.671756
17:40:46.349 -> 0.029541, 1.013916, -0.111328, -3.236641, -0.793893, 0.854962
17:40:46.382 -> 0.031006, 1.000488, -0.130615, -3.419847, -0.488550, 0.793893
17:40:46.382 -> 0.027588, 1.004639, -0.119629, -3.175573, -0.549618, 0.854962
17:40:46.382 -> 0.023438, 1.003662, -0.125977, -3.053435, -0.793893, 0.916031
17:40:46.416 -> 0.026123, 1.009766, -0.116699, -3.236641, -0.549618, 0.793893
17:40:46.416 -> 0.028809, 1.010010, -0.117676, -3.175573, -0.854962, 0.854962
17:40:46.449 -> 0.018311, 1.008789, -0.114990, -3.175573, -0.610687, 0.854962
17:40:46.449 -> 0.022705, 1.008545, -0.114502, -3.236641, -0.488550, 0.854962
17:40:46.449 -> 0.026611, 1.008301, -0.126465, -3.480916, -0.488550, 0.854962
17:40:46.482 -> 0.025391, 1.003662, -0.119141, -3.114504, -0.610687, 0.793893
17:40:46.482 -> 0.025635, 1.007568, -0.116699, -3.297710, -0.732824, 0.793893
17:40:46.516 -> 0.019531, 1.007568, -0.128174, -3.297710, -0.427481, 0.854962
17:40:46.516 -> 0.027588, 1.009521, -0.122559, -3.175573, -0.732824, 0.854962
17:40:46.516 -> 0.031250, 1.007812, -0.124512, -3.297710, -0.549618, 0.671756
17:40:46.549 -> 0.024414, 1.013672, -0.116455, -3.114504, -0.610687, 0.732824
17:40:46.549 -> 0.026123, 1.005371, -0.127441, -3.236641, -0.671756, 0.854962
17:40:46.609 -> 0.021729, 1.005615, -0.113037, -3.297710, -0.610687, 0.916031
17:40:46.609 -> 0.026611, 1.007568, -0.108887, -3.236641, -0.610687, 0.732824
17:40:46.609 -> 0.028320, 1.008789, -0.114014, -3.175573, -0.610687, 0.671756
17:40:46.609 -> 0.026611, 1.008789, -0.125732, -3.358779, -0.671756, 0.793893
17:40:46.609 -> 0.022461, 1.008301, -0.114014, -3.236641, -0.610687, 0.854962
17:40:46.668 -> 0.019043, 1.010498, -0.118164, -3.236641, -0.671756, 0.732824
17:40:46.668 -> 0.026367, 1.011719, -0.117676, -3.175573, -0.610687, 0.916031
17:40:46.668 -> 0.026123, 1.005371, -0.112549, -3.358779, -0.488550, 0.854962
17:40:46.668 -> 0.028320, 1.006592, -0.120850, -3.053435, -0.671756, 0.854962
17:40:46.731 -> 0.025391, 1.012695, -0.125244, -3.358779, -0.671756, 0.793893
17:40:46.731 -> 0.027344, 1.010742, -0.121582, -3.053435, -0.671756, 0.732824
17:40:46.731 -> 0.029297, 1.007812, -0.114014, -3.297710, -0.549618, 0.732824
17:40:46.731 -> 0.023682, 1.012451, -0.117920, -3.358779, -0.732824, 0.671756
17:40:46.731 -> 0.019775, 1.008789, -0.123047, -3.236641, -0.732824, 0.854962
17:40:46.801 -> 0.027832, 1.004883, -0.121094, -3.236641, -0.671756, 0.977099
17:40:46.801 -> 0.027832, 1.007812, -0.120850, -3.480916, -0.732824, 0.793893
17:40:46.801 -> 0.021484, 1.009521, -0.116699, -3.358779, -0.671756, 0.793893
17:40:46.801 -> 0.028809, 1.012451, -0.123779, -3.175573, -0.671756, 0.793893
17:40:46.801 -> 0.024170, 1.007812, -0.117432, -3.175573, -0.488550, 0.854962
17:40:46.859 -> 0.024902, 1.004150, -0.131104, -3.297710, -0.793893, 0.793893
17:40:46.859 -> 0.029053, 1.010254, -0.126709, -3.236641, -0.549618, 0.916031
17:40:46.859 -> 0.023193, 1.009766, -0.122803, -3.175573, -0.610687, 0.793893
17:40:46.859 -> 0.025391, 1.009521, -0.122559, -3.114504, -0.366412, 0.671756
17:40:46.859 -> 0.033447, 1.004883, -0.128906, -3.358779, -0.610687, 0.549618
17:40:46.923 -> 0.028320, 1.007812, -0.112061, -3.297710, -0.549618, 0.916031
17:40:46.923 -> 0.028809, 1.010498, -0.121826, -3.114504, -0.549618, 0.854962
17:40:46.923 -> 0.032227, 1.009766, -0.124756, -3.297710, -0.549618, 0.793893
17:40:46.923 -> 0.025391, 1.005859, -0.122559, -3.175573, -0.610687, 0.793893
17:40:46.923 -> 0.023682, 1.007812, -0.125488, -3.297710, -0.671756, 0.732824
17:40:46.997 -> 0.033203, 1.010986, -0.112549, -3.419847, -0.427481, 0.916031
17:40:46.997 -> 0.026367, 1.007812, -0.116943, -3.236641, -0.610687, 0.793893
17:40:46.997 -> 0.024414, 1.012451, -0.114746, -3.236641, -0.549618, 0.916031
17:40:46.997 -> 0.020996, 1.013916, -0.116943, -3.236641, -0.732824, 0.671756
17:40:46.997 -> 0.027588, 1.006348, -0.114502, -3.114504, -0.549618, 0.793893
17:40:47.052 -> 0.029785, 1.007568, -0.125000, -3.236641, -0.610687, 0.793893
17:40:47.052 -> 0.023193, 1.006836, -0.125244, -3.175573, -0.732824, 0.854962
17:40:47.052 -> 0.024170, 1.009277, -0.119141, -3.236641, -0.549618, 0.732824
17:40:47.052 -> 0.028564, 1.004639, -0.116943, -3.236641, -0.671756, 0.610687
17:40:47.118 -> 0.032715, 1.007568, -0.114014, -3.297710, -0.549618, 0.977099
17:40:47.118 -> 0.027100, 1.006348, -0.121826, -3.480916, -0.671756, 0.854962
17:40:47.118 -> 0.020508, 1.009766, -0.121826, -3.297710, -0.671756, 0.732824
17:40:47.118 -> 0.032715, 1.010498, -0.121582, -3.236641, -0.488550, 0.854962
17:40:47.118 -> 0.021973, 1.011719, -0.124512, -3.236641, -0.671756, 0.671756
17:40:47.186 -> 0.024658, 1.007568, -0.126953, -3.419847, -0.610687, 0.793893
17:40:47.186 -> 0.022461, 1.005371, -0.120605, -3.236641, -0.732824, 0.732824
17:40:47.186 -> 0.020020, 1.005615, -0.122314, -3.175573, -0.732824, 0.671756
17:40:47.186 -> 0.019043, 1.006104, -0.116943, -3.358779, -0.671756, 0.793893
17:40:47.186 -> 0.028809, 1.011475, -0.119629, -3.297710, -0.549618, 0.793893
17:40:47.186 -> 0.027100, 1.002686, -0.112793, -3.236641, -0.793893, 0.916031
17:40:47.238 -> 0.029541, 1.003906, -0.122314, -3.175573, -0.610687, 0.854962
17:40:47.238 -> 0.022705, 1.009277, -0.125488, -3.297710, -0.671756, 0.793893
17:40:47.238 -> 0.032227, 1.009766, -0.120850, -3.358779, -0.671756, 0.854962
17:40:47.238 -> 0.028809, 1.008545, -0.116943, -3.175573, -0.610687, 0.916031
17:40:47.298 -> 0.022461, 1.005127, -0.126709, -3.358779, -0.671756, 0.732824
17:40:47.298 -> 0.020264, 1.007568, -0.121094, -3.297710, -0.732824, 0.549618
17:40:47.298 -> 0.026855, 1.004639, -0.129639, -3.297710, -0.610687, 0.977099
17:40:47.298 -> 0.026855, 1.007812, -0.128418, -3.175573, -0.671756, 0.793893
17:40:47.350 -> 0.035400, 1.011230, -0.122070, -3.358779, -0.671756, 1.038168
17:40:47.350 -> 0.025879, 1.005371, -0.117676, -3.236641, -0.549618, 0.610687
17:40:47.350 -> 0.029785, 1.011230, -0.118896, -3.114504, -0.549618, 0.671756
17:40:47.350 -> 0.024658, 1.014160, -0.120361, -3.358779, -0.610687, 0.854962
17:40:47.401 -> 0.032227, 1.009277, -0.112793, -3.114504, -0.549618, 0.916031
17:40:47.401 -> 0.026123, 1.004883, -0.127441, -3.236641, -0.610687, 0.732824
17:40:47.401 -> 0.021484, 1.013916, -0.119385, -3.175573, -0.610687, 0.854962
17:40:47.401 -> 0.030029, 1.014404, -0.110840, -3.297710, -0.732824, 0.916031
17:40:47.457 -> 0.025391, 1.015625, -0.119141, -3.358779, -0.671756, 0.916031
17:40:47.457 -> 0.023926, 1.008545, -0.125488, -3.358779, -0.610687, 0.854962
17:40:47.457 -> 0.023438, 1.010254, -0.121826, -3.297710, -0.549618, 0.732824
17:40:47.457 -> 0.021240, 1.009277, -0.117676, -3.236641, -0.671756, 0.732824
17:40:47.506 -> 0.027832, 1.005127, -0.120850, -3.053435, -0.610687, 0.793893
17:40:47.506 -> 0.030518, 1.008789, -0.124268, -3.114504, -0.488550, 0.854962
17:40:47.506 -> 0.026855, 1.007080, -0.115723, -3.297710, -0.732824, 0.854962
17:40:47.506 -> 0.025635, 1.009521, -0.122070, -3.480916, -0.732824, 0.793893
17:40:47.547 -> 0.029053, 1.007324, -0.120850, -3.175573, -0.610687, 0.854962
17:40:47.547 -> 0.028564, 1.010010, -0.122803, -3.358779, -0.671756, 0.916031
17:40:47.547 -> 0.026123, 1.010742, -0.119141, -3.114504, -0.549618, 0.854962
17:40:47.703 -> 0.026123, 1.004150, -0.110840, -3.297710, -0.610687, 0.671756
17:40:47.703 -> 0.026123, 1.011719, -0.118896, -3.297710, -0.671756, 0.793893
17:40:47.703 -> 0.028076, 1.010742, -0.126709, -3.175573, -0.671756, 0.732824
17:40:47.703 -> 0.029053, 1.008789, -0.118652, -3.358779, -0.732824, 0.793893
17:40:47.703 -> 0.029297, 1.003662, -0.114746, -3.175573, -0.610687, 0.854962
17:40:47.703 -> 0.024170, 1.007324, -0.120850, -3.175573, -0.610687, 0.977099
17:40:47.703 -> 0.033936, 1.010986, -0.123535, -3.236641, -0.671756, 0.916031
17:40:47.703 -> 0.027832, 1.007324, -0.117676, -3.297710, -0.610687, 0.793893
17:40:47.703 -> 0.028076, 1.009033, -0.125732, -3.419847, -0.671756, 0.732824
17:40:47.703 -> 0.022217, 1.008545, -0.110840, -3.236641, -0.488550, 0.671756
17:40:47.703 -> 0.022949, 1.011719, -0.115723, -3.175573, -0.793893, 0.732824
17:40:47.703 -> 0.032715, 1.009521, -0.127686, -3.175573, -0.610687, 0.732824
17:40:47.749 -> 0.029297, 1.007080, -0.127930, -3.297710, -0.610687, 0.671756
17:40:47.749 -> 0.034668, 1.003174, -0.121582, -3.114504, -0.488550, 0.977099
17:40:47.749 -> 0.031982, 1.011475, -0.112305, -3.236641, -0.610687, 0.732824
17:40:47.786 -> 0.028564, 1.010986, -0.122314, -3.358779, -0.488550, 0.793893
17:40:47.786 -> 0.027832, 1.003418, -0.113037, -3.236641, -0.549618, 0.854962
17:40:47.786 -> 0.025391, 1.007812, -0.122559, -3.236641, -0.732824, 0.793893
17:40:47.812 -> 0.025635, 1.008301, -0.123535, -3.358779, -0.610687, 0.854962
17:40:47.812 -> 0.024414, 1.006836, -0.125244, -3.358779, -0.610687, 0.732824
17:40:47.841 -> 0.025391, 1.008789, -0.128662, -3.358779, -0.549618, 0.977099
17:40:47.841 -> 0.021973, 1.010254, -0.112793, -3.358779, -0.671756, 0.854962
17:40:47.879 -> 0.023926, 1.012451, -0.123535, -3.358779, -0.488550, 0.916031
17:40:47.879 -> 0.025879, 1.007568, -0.122803, -3.358779, -0.671756, 0.793893
17:40:47.879 -> 0.025146, 1.004150, -0.121582, -3.236641, -0.549618, 0.916031
17:40:47.912 -> 0.022705, 1.010010, -0.118408, -3.297710, -0.732824, 0.854962
17:40:47.912 -> 0.023193, 1.005127, -0.121582, -3.297710, -0.671756, 0.793893
17:40:47.912 -> 0.031250, 1.006592, -0.124023, -3.236641, -0.671756, 0.732824
17:40:47.955 -> 0.029541, 1.006104, -0.121094, -3.419847, -0.732824, 0.793893
17:40:47.955 -> 0.026611, 1.007812, -0.115234, -3.419847, -0.427481, 0.793893
17:40:47.955 -> 0.031006, 1.007080, -0.114502, -3.236641, -0.671756, 0.793893
17:40:47.994 -> 0.031738, 1.013428, -0.118896, -3.358779, -0.732824, 0.793893
17:40:47.994 -> 0.028809, 1.009521, -0.123535, -3.297710, -0.488550, 0.671756
17:40:47.994 -> 0.029297, 1.009766, -0.116699, -3.358779, -0.610687, 0.854962
17:40:48.021 -> 0.025391, 1.005859, -0.118408, -3.236641, -0.793893, 0.793893
17:40:48.021 -> 0.029785, 1.009277, -0.118164, -3.358779, -0.671756, 0.977099
17:40:48.058 -> 0.027832, 1.007812, -0.114990, -3.297710, -0.549618, 0.854962
17:40:48.058 -> 0.026123, 1.013184, -0.121582, -3.175573, -0.549618, 0.854962
17:40:48.089 -> 0.024902, 1.009277, -0.124512, -3.297710, -0.671756, 0.793893
17:40:48.089 -> 0.028076, 1.010742, -0.124023, -3.358779, -0.549618, 0.671756
17:40:48.089 -> 0.028564, 1.008057, -0.118164, -3.297710, -0.549618, 0.793893
17:40:48.126 -> 0.024902, 1.009766, -0.123535, -3.358779, -0.610687, 0.977099
17:40:48.126 -> 0.019531, 1.013428, -0.122803, -3.236641, -0.549618, 0.671756
17:40:48.126 -> 0.023926, 1.015137, -0.122314, -3.114504, -0.610687, 0.854962
17:40:48.159 -> 0.030762, 1.003174, -0.128418, -3.358779, -0.549618, 0.793893
17:40:48.159 -> 0.025879, 1.007812, -0.121338, -3.175573, -0.671756, 0.854962
17:40:48.191 -> 0.020508, 1.008545, -0.116455, -3.236641, -0.549618, 0.732824
17:40:48.191 -> 0.029053, 1.009033, -0.122559, -3.236641, -0.610687, 0.793893
17:40:48.191 -> 0.022949, 1.006592, -0.120850, -3.236641, -0.671756, 0.793893
17:40:48.233 -> 0.024170, 1.004883, -0.118164, -3.053435, -0.610687, 0.732824
17:40:48.233 -> 0.025146, 1.002441, -0.123535, -3.175573, -0.549618, 0.854962
17:40:48.233 -> 0.027832, 1.007812, -0.121826, -3.358779, -0.610687, 0.671756
17:40:48.264 -> 0.024658, 1.008789, -0.118652, -3.175573, -0.793893, 0.854962
17:40:48.264 -> 0.020264, 1.010254, -0.117676, -3.236641, -0.732824, 0.610687
17:40:48.304 -> 0.031494, 1.013916, -0.118164, -3.419847, -0.549618, 0.793893
17:40:48.304 -> 0.026123, 1.006348, -0.111328, -3.114504, -0.732824, 0.854962
17:40:48.304 -> 0.020996, 1.015381, -0.117188, -3.358779, -0.671756, 0.793893
17:40:48.342 -> 0.023193, 1.012939, -0.120361, -3.358779, -0.427481, 0.916031
17:40:48.342 -> 0.025391, 1.001709, -0.118408, -3.297710, -0.488550, 0.916031
17:40:48.342 -> 0.028564, 1.014160, -0.120850, -3.419847, -0.671756, 0.854962
17:40:48.387 -> 0.027100, 1.007080, -0.124023, -3.114504, -0.610687, 0.793893
17:40:48.387 -> 0.024658, 1.012695, -0.114990, -3.297710, -0.732824, 0.671756
17:40:48.387 -> 0.025879, 1.011230, -0.126465, -3.236641, -0.793893, 0.671756
17:40:48.420 -> 0.031982, 1.007568, -0.120850, -3.297710, -0.427481, 0.916031
17:40:48.420 -> 0.027588, 1.009766, -0.117676, -3.175573, -0.610687, 0.916031
17:40:48.420 -> 0.021973, 1.012207, -0.123047, -3.358779, -0.610687, 0.977099
17:40:48.457 -> 0.020264, 1.005859, -0.129150, -3.297710, -0.671756, 0.854962
17:40:48.457 -> 0.020020, 1.008789, -0.117188, -2.992366, -0.549618, 0.916031
17:40:48.457 -> 0.029541, 1.012451, -0.118896, -3.175573, -0.671756, 0.916031
17:40:48.491 -> 0.023926, 1.008545, -0.115234, -3.175573, -0.610687, 0.793893
17:40:48.491 -> 0.020752, 1.010742, -0.119873, -3.297710, -0.732824, 1.038168
17:40:48.529 -> 0.022217, 1.008789, -0.122314, -3.175573, -0.732824, 0.793893
17:40:48.529 -> 0.032471, 1.002930, -0.122803, -3.297710, -0.732824, 0.916031
17:40:48.529 -> 0.026123, 1.006836, -0.117432, -3.358779, -0.671756, 0.732824
17:40:48.567 -> 0.023926, 1.010254, -0.114014, -3.358779, -0.549618, 0.732824
17:40:48.567 -> 0.025635, 1.007324, -0.121094, -3.480916, -0.793893, 0.854962
17:40:48.567 -> 0.028809, 1.011475, -0.124023, -3.114504, -0.732824, 0.732824
17:40:48.600 -> 0.020996, 1.007324, -0.114502, -3.236641, -0.732824, 0.916031
17:40:48.600 -> 0.025146, 1.010010, -0.129395, -3.236641, -0.671756, 0.671756
17:40:48.600 -> 0.027344, 1.008545, -0.123291, -3.358779, -0.732824, 0.732824
17:40:48.630 -> 0.030762, 1.009521, -0.116211, -3.358779, -0.610687, 0.732824
17:40:48.630 -> 0.026611, 1.015625, -0.122070, -3.114504, -0.610687, 0.793893
17:40:48.666 -> 0.026611, 1.006348, -0.121338, -3.114504, -0.610687, 0.732824
17:40:48.666 -> 0.029053, 1.012451, -0.110596, -3.114504, -0.610687, 0.732824
17:40:48.666 -> 0.027832, 1.008301, -0.117920, -3.236641, -0.549618, 0.916031
17:40:48.707 -> 0.024170, 1.008545, -0.117920, -3.114504, -0.549618, 0.854962
17:40:48.707 -> 0.023438, 1.006348, -0.118652, -3.236641, -0.732824, 0.793893
17:40:48.707 -> 0.027832, 1.010498, -0.125977, -3.297710, -0.732824, 0.916031
17:40:48.743 -> 0.029053, 1.010010, -0.128174, -3.297710, -0.610687, 0.732824
17:40:48.743 -> 0.028564, 1.013672, -0.125977, -3.358779, -0.671756, 0.793893
17:40:48.785 -> 0.027832, 1.010742, -0.121582, -3.419847, -0.488550, 0.977099
17:40:48.785 -> 0.028076, 1.008057, -0.120117, -3.419847, -0.793893, 0.793893
17:40:48.785 -> 0.024170, 1.011230, -0.110596, -3.297710, -0.732824, 0.916031
17:40:48.785 -> 0.020996, 1.012207, -0.126709, -3.236641, -0.427481, 0.854962
17:40:48.821 -> 0.024902, 1.010498, -0.121582, -3.236641, -0.854962, 0.854962
17:40:48.821 -> 0.025879, 1.010010, -0.116211, -3.236641, -0.610687, 0.854962
17:40:48.821 -> Logging complete.

17:41:03.077 -> timestamp, ax, ay, az, gx, gy, gz
17:41:03.077 -> 0.025391, 1.006836, -0.115723, -3.175573, -1.282443, 1.038168
17:41:03.082 -> 0.025635, 1.002930, -0.115234, -3.358779, -1.343511, 1.099237
17:41:03.115 -> 0.029785, 1.008789, -0.112549, -3.236641, -1.343511, 0.977099
17:41:03.115 -> 0.025391, 1.005371, -0.110596, -3.480916, -1.099237, 0.732824
17:41:03.148 -> 0.022461, 1.010010, -0.109619, -3.236641, -1.038168, 0.671756
17:41:03.148 -> 0.028809, 1.003906, -0.112549, -3.419847, -1.221374, 0.854962
17:41:03.148 -> 0.024170, 1.007812, -0.113281, -3.358779, -1.038168, 0.916031
17:41:03.181 -> 0.022949, 1.006836, -0.123047, -3.358779, -1.160305, 0.916031
17:41:03.181 -> 0.029053, 1.008789, -0.119141, -3.419847, -1.099237, 0.854962
17:41:03.215 -> 0.026123, 1.007080, -0.124512, -3.175573, -1.099237, 0.732824
17:41:03.215 -> 0.026367, 1.006836, -0.110352, -3.297710, -1.221374, 0.793893
17:41:03.215 -> 0.027344, 1.008057, -0.127441, -3.114504, -1.160305, 0.854962
17:41:03.248 -> 0.029297, 1.008789, -0.119629, -3.175573, -1.099237, 0.977099
17:41:03.248 -> 0.028076, 1.008057, -0.115967, -3.297710, -1.221374, 0.854962
17:41:03.282 -> 0.023438, 1.009521, -0.121582, -3.236641, -0.977099, 0.732824
17:41:03.282 -> 0.028320, 1.005371, -0.122314, -3.236641, -1.160305, 0.854962
17:41:03.282 -> 0.029541, 1.003662, -0.120850, -3.175573, -1.160305, 0.916031
17:41:03.315 -> 0.029053, 1.008301, -0.126953, -3.236641, -1.160305, 0.854962
17:41:03.315 -> 0.031494, 1.010742, -0.121826, -3.297710, -1.282443, 0.854962
17:41:03.348 -> 0.024170, 1.007812, -0.123047, -3.175573, -1.343511, 0.793893
17:41:03.348 -> 0.026367, 1.009766, -0.122314, -3.236641, -1.160305, 0.732824
17:41:03.348 -> 0.021973, 1.010010, -0.125732, -3.236641, -1.465649, 0.671756
17:41:03.382 -> 0.033203, 1.008301, -0.116943, -3.236641, -1.404580, 0.977099
17:41:03.382 -> 0.028809, 1.012207, -0.122559, -3.236641, -1.404580, 0.610687
17:41:03.415 -> 0.020996, 1.009277, -0.121826, -3.236641, -1.343511, 0.793893
17:41:03.415 -> 0.026611, 1.005859, -0.129395, -3.236641, -1.404580, 0.854962
17:41:03.415 -> 0.024170, 1.008545, -0.127930, -3.053435, -1.221374, 0.793893
17:41:03.448 -> 0.030029, 1.008057, -0.122803, -3.358779, -1.404580, 0.732824
17:41:03.448 -> 0.028320, 1.007324, -0.121826, -3.236641, -1.343511, 0.732824
17:41:03.482 -> 0.025391, 1.008545, -0.121338, -3.053435, -1.282443, 0.793893
17:41:03.482 -> 0.031494, 1.011475, -0.119141, -3.114504, -1.404580, 0.854962
17:41:03.482 -> 0.026367, 1.006592, -0.116699, -3.236641, -1.404580, 0.671756
17:41:03.515 -> 0.025391, 1.001465, -0.121826, -3.419847, -1.221374, 0.671756
17:41:03.515 -> 0.024170, 1.004883, -0.121094, -3.236641, -1.404580, 0.671756
17:41:03.548 -> 0.025146, 1.006592, -0.110596, -3.236641, -1.282443, 0.977099
17:41:03.548 -> 0.025635, 1.007568, -0.128662, -3.175573, -1.282443, 0.854962
17:41:03.548 -> 0.027832, 1.009521, -0.110107, -3.175573, -1.282443, 0.854962
17:41:03.582 -> 0.027344, 1.008057, -0.107422, -3.236641, -1.099237, 0.854962
17:41:03.582 -> 0.018555, 1.014160, -0.116211, -3.236641, -1.099237, 0.854962
17:41:03.615 -> 0.031250, 1.010742, -0.114014, -3.236641, -1.099237, 0.671756
17:41:03.615 -> 0.026123, 1.010010, -0.121582, -3.236641, -1.099237, 0.793893
17:41:03.615 -> 0.024902, 1.009766, -0.125732, -3.175573, -1.038168, 0.732824
17:41:03.649 -> 0.024658, 1.010254, -0.117676, -3.419847, -1.038168, 0.793893
17:41:03.649 -> 0.027344, 1.005615, -0.115723, -3.175573, -1.160305, 0.732824
17:41:03.682 -> 0.025879, 1.014160, -0.119629, -3.297710, -0.977099, 0.854962
17:41:03.682 -> 0.028564, 1.007568, -0.116943, -3.297710, -1.038168, 0.854962
17:41:03.682 -> 0.027588, 1.010986, -0.119141, -3.358779, -0.854962, 0.916031
17:41:03.715 -> 0.025635, 1.008545, -0.134277, -3.358779, -1.038168, 0.732824
17:41:03.715 -> 0.026855, 1.011963, -0.107422, -3.297710, -0.916031, 0.916031
17:41:03.715 -> 0.028320, 1.012695, -0.119873, -3.297710, -0.916031, 0.793893
17:41:03.748 -> 0.024658, 1.008545, -0.112061, -3.114504, -1.038168, 0.977099
17:41:03.748 -> 0.026855, 1.010254, -0.115723, -3.114504, -0.854962, 0.732824
17:41:03.782 -> 0.029053, 1.007324, -0.117432, -3.297710, -0.854962, 0.793893
17:41:03.782 -> 0.029053, 1.008789, -0.114502, -3.358779, -0.977099, 0.732824
17:41:03.782 -> 0.025146, 1.005859, -0.119141, -3.297710, -0.916031, 0.916031
17:41:03.815 -> 0.028076, 1.007080, -0.112793, -3.358779, -0.671756, 0.854962
17:41:03.815 -> 0.029785, 1.006104, -0.117188, -3.297710, -0.610687, 0.793893
17:41:03.897 -> 0.031494, 1.011475, -0.114746, -3.175573, -0.549618, 0.671756
17:41:03.897 -> 0.023926, 1.012207, -0.108643, -3.175573, -0.610687, 0.854962
17:41:03.897 -> 0.029785, 1.001221, -0.119629, -3.236641, -0.610687, 0.854962
17:41:03.897 -> 0.032471, 1.011230, -0.121094, -3.236641, -0.488550, 0.793893
17:41:03.897 -> 0.020264, 1.006348, -0.115723, -3.175573, -0.549618, 0.732824
17:41:03.897 -> 0.031982, 1.012695, -0.113770, -3.175573, -0.488550, 0.793893
17:41:03.941 -> 0.021484, 1.010498, -0.120850, -3.114504, -0.183206, 0.916031
17:41:03.941 -> 0.029785, 1.009766, -0.115479, -3.114504, -0.427481, 0.854962
17:41:03.941 -> 0.028564, 1.003174, -0.122559, -3.297710, -0.366412, 0.793893
17:41:03.941 -> 0.027344, 1.008057, -0.122070, -3.419847, -0.427481, 0.732824
17:41:04.005 -> 0.023682, 1.011963, -0.113525, -3.297710, -0.366412, 0.854962
17:41:04.005 -> 0.029541, 1.009277, -0.126953, -3.053435, -0.366412, 0.793893
17:41:04.005 -> 0.026611, 1.012207, -0.113770, -3.297710, -0.183206, 0.916031
17:41:04.005 -> 0.026611, 1.002197, -0.114014, -3.236641, -0.305344, 0.793893
17:41:04.005 -> 0.019531, 1.009766, -0.123535, -3.480916, -0.366412, 0.854962
17:41:04.044 -> 0.025391, 1.009277, -0.116943, -3.114504, -0.244275, 0.732824
17:41:04.044 -> 0.031738, 1.008301, -0.117188, -3.297710, -0.549618, 0.854962
17:41:04.084 -> 0.023193, 1.004883, -0.116699, -3.358779, -0.305344, 0.854962
17:41:04.084 -> 0.026123, 1.011963, -0.124756, -3.175573, -0.305344, 0.916031
17:41:04.084 -> 0.026611, 1.011475, -0.121338, -3.297710, -0.366412, 0.854962
17:41:04.158 -> 0.031250, 1.010010, -0.114502, -3.114504, -0.366412, 0.793893
17:41:04.158 -> 0.024170, 1.003418, -0.116943, -3.358779, -0.488550, 0.671756
17:41:04.158 -> 0.031494, 1.005859, -0.119141, -3.236641, -0.244275, 0.732824
17:41:04.158 -> 0.024658, 1.014160, -0.120361, -3.236641, -0.488550, 0.610687
17:41:04.158 -> 0.025146, 1.015869, -0.117432, -3.114504, -0.488550, 0.671756
17:41:04.158 -> 0.028320, 1.010254, -0.124023, -3.053435, -0.366412, 0.793893
17:41:04.234 -> 0.030273, 1.007568, -0.119629, -3.236641, -0.305344, 0.732824
17:41:04.234 -> 0.027588, 1.006104, -0.119873, -3.236641, -0.366412, 0.793893
17:41:04.234 -> 0.028320, 1.008057, -0.117432, -3.114504, -0.366412, 0.793893
17:41:04.234 -> 0.027100, 1.004395, -0.118652, -3.358779, -0.305344, 0.671756
17:41:04.234 -> 0.028809, 1.006104, -0.120605, -3.236641, -0.305344, 0.671756
17:41:04.234 -> 0.020752, 1.009766, -0.119385, -3.358779, -0.427481, 0.671756
17:41:04.292 -> 0.025146, 1.009766, -0.116699, -3.358779, -0.183206, 0.732824
17:41:04.292 -> 0.027100, 1.007568, -0.128662, -3.419847, -0.549618, 0.793893
17:41:04.292 -> 0.025879, 1.008057, -0.115967, -3.175573, -0.427481, 0.671756
17:41:04.292 -> 0.033936, 1.004883, -0.121582, -3.236641, -0.488550, 0.854962
17:41:04.351 -> 0.026855, 1.000000, -0.122803, -3.358779, -0.427481, 0.732824
17:41:04.351 -> 0.024170, 1.006836, -0.130371, -3.175573, -0.549618, 0.793893
17:41:04.351 -> 0.024902, 1.000488, -0.118164, -3.175573, -0.427481, 0.671756
17:41:04.351 -> 0.025391, 1.006592, -0.128906, -3.236641, -0.305344, 0.793893
17:41:04.351 -> 0.024414, 1.009277, -0.123779, -3.297710, -0.427481, 0.977099
17:41:04.421 -> 0.020264, 1.011475, -0.119629, -3.175573, -0.427481, 0.610687
17:41:04.421 -> 0.027344, 1.009033, -0.127686, -3.175573, -0.366412, 0.671756
17:41:04.421 -> 0.028076, 1.011719, -0.123047, -3.419847, -0.427481, 0.732824
17:41:04.421 -> 0.021729, 1.008301, -0.125977, -3.297710, -0.488550, 0.916031
17:41:04.421 -> 0.027588, 1.008789, -0.114502, -3.419847, -0.427481, 0.671756
17:41:04.485 -> 0.026367, 1.012695, -0.119141, -3.053435, -0.488550, 0.793893
17:41:04.485 -> 0.026123, 1.008301, -0.124512, -3.175573, -0.427481, 0.793893
17:41:04.485 -> 0.028320, 1.001709, -0.121338, -3.236641, -0.305344, 0.977099
17:41:04.485 -> 0.028320, 1.004639, -0.108887, -3.175573, -0.366412, 0.610687
17:41:04.485 -> 0.028809, 1.010986, -0.119629, -3.419847, -0.488550, 0.854962
17:41:04.536 -> 0.024170, 1.010986, -0.124023, -3.236641, -0.427481, 0.793893
17:41:04.536 -> 0.027832, 1.015625, -0.121582, -3.175573, -0.427481, 0.916031
17:41:04.536 -> 0.022949, 1.004150, -0.120361, -3.175573, -0.427481, 0.671756
17:41:04.536 -> 0.023926, 1.006836, -0.117432, -3.297710, -0.488550, 0.977099
17:41:04.582 -> 0.019775, 1.009277, -0.115967, -3.297710, -0.366412, 0.793893
17:41:04.582 -> 0.027832, 1.015137, -0.119873, -3.236641, -0.366412, 0.671756
17:41:04.582 -> 0.032959, 1.010742, -0.112793, -3.236641, -0.366412, 0.854962
17:41:04.644 -> 0.021973, 1.006836, -0.113525, -3.480916, -0.305344, 0.732824
17:41:04.644 -> 0.024658, 1.010498, -0.111572, -3.053435, -0.549618, 0.671756
17:41:04.644 -> 0.030762, 1.009277, -0.112305, -3.175573, -0.366412, 0.916031
17:41:04.644 -> 0.023926, 1.007812, -0.112793, -3.236641, -0.122137, 0.793893
17:41:04.644 -> 0.031738, 1.004395, -0.123291, -3.541985, -0.366412, 0.854962
17:41:04.692 -> 0.020264, 1.010498, -0.118408, -3.358779, -0.427481, 0.916031
17:41:04.692 -> 0.030273, 1.011475, -0.124268, -3.236641, -0.244275, 0.793893
17:41:04.692 -> 0.029297, 1.010010, -0.115479, -3.236641, -0.305344, 0.732824
17:41:04.692 -> 0.030518, 1.009277, -0.110840, -3.236641, -0.671756, 0.732824
17:41:04.741 -> 0.028076, 1.010010, -0.111328, -3.114504, -0.305344, 0.854962
17:41:04.741 -> 0.028564, 1.010986, -0.120850, -3.175573, -0.366412, 0.793893
17:41:04.741 -> 0.030273, 1.012207, -0.123779, -3.297710, -0.488550, 0.732824
17:41:04.789 -> 0.029541, 1.008057, -0.115723, -3.236641, -0.183206, 0.732824
17:41:04.789 -> 0.029053, 1.013428, -0.117676, -3.236641, -0.427481, 0.854962
17:41:04.789 -> 0.031006, 1.007568, -0.117432, -3.114504, -0.305344, 0.793893
17:41:04.789 -> 0.026855, 1.002686, -0.132568, -3.297710, -0.366412, 0.671756
17:41:04.861 -> 0.027344, 1.005859, -0.121094, -3.175573, -0.122137, 0.732824
17:41:04.861 -> 0.026611, 1.013672, -0.119873, -3.358779, -0.183206, 0.916031
17:41:04.861 -> 0.027100, 1.017090, -0.113770, -3.175573, -0.366412, 0.732824
17:41:04.861 -> 0.031250, 1.009521, -0.117920, -3.236641, -0.366412, 0.732824
17:41:04.861 -> 0.024902, 1.004150, -0.117188, -3.175573, -0.183206, 0.854962
17:41:04.936 -> 0.027588, 1.008545, -0.139404, -3.358779, -0.366412, 0.854962
17:41:04.936 -> 0.024414, 1.009521, -0.114014, -3.419847, -0.305344, 0.732824
17:41:04.936 -> 0.026367, 1.013184, -0.123779, -3.297710, -0.366412, 0.732824
17:41:04.936 -> 0.021973, 1.007080, -0.120850, -3.297710, -0.305344, 0.793893
17:41:04.936 -> 0.030029, 1.008301, -0.129639, -3.175573, -0.244275, 0.793893
17:41:04.936 -> 0.023682, 1.004883, -0.109131, -3.358779, -0.366412, 0.732824
17:41:05.002 -> 0.027588, 1.003662, -0.118896, -3.297710, 0.000000, 0.732824
17:41:05.002 -> 0.029785, 1.005615, -0.122559, -3.053435, -0.061069, 0.671756
17:41:05.002 -> 0.028564, 1.010986, -0.110840, -3.175573, -0.061069, 0.732824
17:41:05.002 -> 0.029297, 1.011475, -0.119385, -3.358779, 0.000000, 0.732824
17:41:05.002 -> 0.026123, 1.010986, -0.122314, -3.419847, -0.122137, 0.854962
17:41:05.074 -> 0.023926, 1.004150, -0.122559, -3.297710, -0.122137, 0.916031
17:41:05.074 -> 0.025635, 1.007080, -0.118164, -3.419847, -0.183206, 0.916031
17:41:05.074 -> 0.027832, 1.003906, -0.113770, -3.297710, -0.183206, 0.793893
17:41:05.074 -> 0.028564, 1.005859, -0.112793, -3.236641, 0.000000, 0.732824
17:41:05.074 -> 0.027588, 1.012207, -0.122070, -3.175573, -0.183206, 0.916031
17:41:05.124 -> 0.024902, 1.010254, -0.119141, -3.236641, -0.244275, 0.793893
17:41:05.124 -> 0.022461, 1.004395, -0.133301, -3.114504, -0.061069, 0.977099
17:41:05.124 -> 0.029053, 1.006836, -0.115967, -3.236641, 0.000000, 0.977099
17:41:05.124 -> 0.021484, 1.011719, -0.122070, -3.236641, 0.061069, 0.793893
17:41:05.181 -> 0.022461, 1.008789, -0.122803, -3.236641, 0.061069, 0.732824
17:41:05.181 -> 0.024902, 1.004639, -0.118652, -3.236641, 0.000000, 0.916031
17:41:05.181 -> 0.036621, 1.008057, -0.123291, -3.358779, 0.061069, 0.977099
17:41:05.181 -> 0.029053, 1.002930, -0.123291, -3.175573, -0.122137, 0.854962
17:41:05.181 -> 0.032227, 1.007080, -0.124268, -3.236641, 0.000000, 0.671756
17:41:05.234 -> 0.027588, 1.006836, -0.121582, -3.297710, 0.000000, 0.793893
17:41:05.234 -> 0.025391, 1.013428, -0.118164, -3.358779, -0.244275, 0.854962
17:41:05.234 -> 0.022705, 1.009033, -0.120850, -3.297710, -0.244275, 0.793893
17:41:05.234 -> 0.019531, 1.002686, -0.127441, -3.236641, 0.183206, 0.671756
17:41:05.293 -> 0.027832, 1.006836, -0.122070, -3.053435, -0.061069, 0.732824
17:41:05.293 -> 0.025146, 1.011963, -0.115723, -3.297710, -0.183206, 0.732824
17:41:05.293 -> 0.027832, 1.010010, -0.135254, -3.114504, -0.122137, 0.671756
17:41:05.293 -> 0.027344, 1.004395, -0.122070, -3.053435, -0.244275, 0.793893
17:41:05.339 -> 0.021729, 1.009521, -0.115967, -3.297710, -0.122137, 0.671756
17:41:05.339 -> 0.025879, 1.007324, -0.120361, -3.297710, -0.061069, 0.793893
17:41:05.339 -> 0.022949, 1.004883, -0.116211, -3.419847, -0.183206, 0.916031
17:41:05.339 -> 0.029541, 1.012207, -0.124756, -3.297710, 0.000000, 0.854962
17:41:05.383 -> 0.022461, 1.012939, -0.123291, -3.419847, -0.061069, 0.916031
17:41:05.383 -> 0.029785, 1.009277, -0.114990, -3.175573, 0.000000, 1.038168
17:41:05.383 -> 0.024170, 1.008301, -0.117920, -3.297710, -0.305344, 0.854962
17:41:05.425 -> 0.020264, 1.012695, -0.119385, -3.297710, -0.183206, 0.732824
17:41:05.425 -> 0.027588, 1.007568, -0.122314, -3.419847, -0.183206, 0.610687
17:41:05.425 -> 0.027100, 1.006592, -0.123535, -3.297710, -0.305344, 0.793893
17:41:05.465 -> 0.028564, 1.010010, -0.127441, -3.297710, -0.305344, 0.916031
17:41:05.465 -> 0.027100, 1.005615, -0.125244, -3.297710, -0.305344, 0.793893
17:41:05.465 -> 0.029541, 1.006348, -0.123291, -3.358779, -0.366412, 0.854962
17:41:05.502 -> 0.022461, 1.009277, -0.119141, -3.297710, -0.122137, 0.671756
17:41:05.502 -> 0.031006, 1.012451, -0.120605, -3.297710, -0.366412, 0.732824
17:41:05.502 -> 0.021729, 1.011475, -0.125977, -3.480916, -0.427481, 0.854962
17:41:05.538 -> 0.032959, 1.006592, -0.121094, -3.236641, -0.305344, 0.732824
17:41:05.538 -> 0.030273, 1.010986, -0.123779, -3.358779, -0.305344, 0.977099
17:41:05.538 -> 0.026123, 1.005371, -0.122314, -3.236641, -0.305344, 0.732824
17:41:05.571 -> 0.020508, 1.003174, -0.117432, -3.358779, -0.488550, 0.793893
17:41:05.571 -> 0.036133, 1.011230, -0.125977, -3.358779, -0.305344, 0.977099
17:41:05.608 -> 0.022461, 1.005127, -0.116699, -3.358779, -0.244275, 0.793893
17:41:05.608 -> 0.028809, 1.010010, -0.120605, -3.236641, -0.366412, 0.732824
17:41:05.608 -> 0.029297, 1.006104, -0.119141, -3.236641, -0.244275, 0.793893
17:41:05.637 -> 0.028564, 1.008789, -0.118164, -3.419847, -0.366412, 0.916031
17:41:05.637 -> 0.027588, 1.013428, -0.120605, -3.175573, -0.244275, 0.793893
17:41:05.674 -> 0.022217, 1.002441, -0.112061, -3.175573, -0.305344, 0.793893
17:41:05.674 -> 0.023682, 1.009521, -0.123291, -3.236641, -0.244275, 0.671756
17:41:05.674 -> 0.024658, 1.009766, -0.122803, -3.297710, -0.366412, 0.854962
17:41:05.704 -> 0.022705, 1.008545, -0.119629, -3.236641, -0.366412, 0.916031
17:41:05.704 -> 0.028564, 1.006104, -0.122070, -3.297710, -0.427481, 0.793893
17:41:05.742 -> 0.019531, 1.010498, -0.113770, -3.236641, -0.366412, 0.916031
17:41:05.742 -> 0.028320, 1.010010, -0.113770, -3.358779, -0.427481, 0.793893
17:41:05.742 -> 0.031738, 1.012207, -0.142578, -3.175573, -0.244275, 0.793893
17:41:05.783 -> 0.030762, 1.009277, -0.133789, -3.175573, -0.549618, 0.854962
17:41:05.783 -> 0.022949, 1.010254, -0.134277, -3.114504, -0.488550, 0.671756
17:41:05.783 -> 0.024658, 1.007812, -0.133545, -3.358779, -0.916031, 0.671756
17:41:05.815 -> 0.030518, 1.007080, -0.128418, -3.480916, -0.732824, 0.793893
17:41:05.815 -> 0.026123, 1.011963, -0.124023, -3.053435, -0.732824, 0.793893
17:41:05.815 -> 0.027344, 1.011475, -0.116211, -3.358779, -0.854962, 0.854962
17:41:05.850 -> 0.028564, 1.015625, -0.111572, -3.297710, -0.916031, 0.793893
17:41:05.850 -> 0.034424, 1.007324, -0.120605, -3.114504, -0.671756, 0.671756
17:41:05.885 -> 0.026855, 1.006348, -0.119629, -3.297710, -0.610687, 0.854962
17:41:05.885 -> 0.032959, 1.013672, -0.106445, -3.297710, -0.366412, 0.732824
17:41:05.885 -> 0.025391, 1.010742, -0.110840, -3.419847, -0.610687, 0.732824
17:41:05.919 -> 0.029053, 1.009277, -0.114502, -3.175573, -0.488550, 0.854962
17:41:05.919 -> 0.025391, 1.008057, -0.109863, -2.992366, -0.549618, 0.610687
17:41:05.919 -> 0.025635, 1.008789, -0.120605, -3.297710, -0.427481, 0.854962
17:41:05.955 -> 0.021973, 1.010742, -0.118164, -3.236641, -0.488550, 0.732824
17:41:05.955 -> 0.024170, 1.008789, -0.127441, -3.053435, -0.366412, 0.732824
17:41:05.992 -> 0.025391, 1.004395, -0.127197, -2.992366, -0.671756, 0.977099
17:41:05.992 -> 0.029053, 1.006836, -0.148926, -3.114504, -0.671756, 0.732824
17:41:05.992 -> 0.026367, 1.010986, -0.125977, -3.175573, -0.488550, 0.793893
17:41:06.031 -> 0.028809, 1.012451, -0.122070, -3.603053, -0.916031, 0.732824
17:41:06.031 -> 0.022949, 1.010498, -0.131348, -3.358779, -0.732824, 0.793893
17:41:06.031 -> 0.028076, 1.011475, -0.121338, -3.297710, -0.732824, 0.916031
17:41:06.070 -> 0.028320, 1.005859, -0.108643, -3.297710, -0.793893, 0.854962
17:41:06.070 -> 0.025146, 1.007080, -0.115723, -3.297710, -0.610687, 0.854962
17:41:06.070 -> 0.034180, 1.008789, -0.115234, -3.419847, -0.732824, 0.732824
17:41:06.070 -> Logging complete.

17:41:22.481 -> timestamp, ax, ay, az, gx, gy, gz
17:41:22.481 -> 0.027588, 1.008301, -0.118652, -3.236641, -1.465649, 0.732824
17:41:22.481 -> 0.029785, 1.008301, -0.125488, -3.358779, -1.221374, 0.793893
17:41:22.514 -> 0.029785, 1.004395, -0.122070, -3.419847, -1.343511, 0.977099
17:41:22.514 -> 0.031738, 1.012695, -0.122803, -3.297710, -1.404580, 0.732824
17:41:22.514 -> 0.023682, 1.013916, -0.121338, -3.175573, -1.343511, 0.916031
17:41:22.548 -> 0.024170, 1.006592, -0.120605, -3.175573, -1.526718, 0.610687
17:41:22.548 -> 0.026367, 1.006104, -0.114502, -3.175573, -1.465649, 0.793893
17:41:22.581 -> 0.022949, 1.005127, -0.126221, -3.236641, -1.404580, 0.793893
17:41:22.581 -> 0.028076, 1.008789, -0.118896, -3.358779, -1.160305, 0.854962
17:41:22.581 -> 0.026611, 1.010254, -0.120605, -3.358779, -1.282443, 0.610687
17:41:22.615 -> 0.027588, 1.006836, -0.122070, -3.114504, -1.282443, 0.916031
17:41:22.615 -> 0.026855, 1.010742, -0.120117, -3.053435, -1.526718, 0.732824
17:41:22.648 -> 0.031250, 1.007812, -0.114502, -3.053435, -1.465649, 0.793893
17:41:22.648 -> 0.023682, 1.012695, -0.118652, -3.297710, -1.343511, 0.977099
17:41:22.648 -> 0.041260, 1.006348, -0.111084, -3.480916, -1.038168, 0.549618
17:41:22.681 -> 0.018799, 1.009521, -0.114990, -3.297710, -1.282443, 0.793893
17:41:22.681 -> 0.027344, 1.014160, -0.116699, -3.053435, -1.282443, 0.854962
17:41:22.714 -> 0.033691, 1.008545, -0.115723, -3.053435, -1.221374, 0.732824
17:41:22.714 -> 0.028076, 1.007568, -0.124512, -3.358779, -1.038168, 0.732824
17:41:22.714 -> 0.028564, 1.009766, -0.115479, -3.419847, -1.282443, 0.732824
17:41:22.748 -> 0.031250, 1.007080, -0.120361, -3.358779, -1.099237, 0.854962
17:41:22.748 -> 0.026123, 1.003418, -0.119629, -3.236641, -0.977099, 0.793893
17:41:22.781 -> 0.019775, 1.004639, -0.117676, -3.175573, -1.099237, 0.671756
17:41:22.781 -> 0.021973, 1.010498, -0.107666, -3.236641, -0.977099, 0.793893
17:41:22.781 -> 0.019043, 1.008057, -0.105713, -3.297710, -0.977099, 0.916031
17:41:22.814 -> 0.033936, 1.009277, -0.128906, -3.419847, -0.793893, 0.732824
17:41:22.814 -> 0.020264, 1.012939, -0.108154, -3.297710, -0.854962, 0.793893
17:41:22.847 -> 0.028564, 1.010742, -0.112793, -3.236641, -0.793893, 0.671756
17:41:22.847 -> 0.031738, 1.011719, -0.124023, -3.297710, -0.732824, 0.793893
17:41:22.847 -> 0.024170, 1.009521, -0.111328, -3.297710, -0.671756, 0.854962
17:41:22.880 -> 0.026855, 1.011230, -0.109131, -3.358779, -0.610687, 0.793893
17:41:22.880 -> 0.025879, 1.007568, -0.117920, -3.419847, -0.732824, 0.854962
17:41:22.914 -> 0.022461, 1.013916, -0.114746, -3.236641, -0.488550, 0.854962
17:41:22.914 -> 0.026123, 1.009766, -0.118408, -3.297710, -0.610687, 0.854962
17:41:22.914 -> 0.026855, 1.008057, -0.120605, -3.175573, -0.549618, 0.854962
17:41:22.947 -> 0.026123, 1.010254, -0.106934, -3.114504, -0.366412, 0.610687
17:41:22.947 -> 0.026611, 1.009033, -0.116211, -3.297710, -0.305344, 0.916031
17:41:22.947 -> 0.030518, 1.010010, -0.110840, -3.358779, -0.366412, 0.610687
17:41:22.981 -> 0.028564, 1.004395, -0.114746, -3.297710, -0.427481, 0.793893
17:41:22.981 -> 0.030762, 1.014160, -0.120850, -3.175573, -0.244275, 0.732824
17:41:23.014 -> 0.021973, 1.006348, -0.123047, -3.297710, -0.122137, 0.854962
17:41:23.014 -> 0.033203, 1.007324, -0.124512, -3.175573, -0.244275, 0.732824
17:41:23.014 -> 0.021729, 1.014404, -0.116943, -3.053435, -0.244275, 0.977099
17:41:23.047 -> 0.028320, 1.009766, -0.108398, -3.297710, -0.183206, 0.610687
17:41:23.047 -> 0.023438, 1.006104, -0.118164, -3.297710, -0.183206, 0.916031
17:41:23.081 -> 0.026123, 1.009033, -0.114014, -3.236641, -0.061069, 0.732824
17:41:23.081 -> 0.024902, 1.013672, -0.117188, -3.297710, 0.061069, 0.854962
17:41:23.081 -> 0.027832, 1.011719, -0.114746, -3.358779, -0.061069, 0.732824
17:41:23.114 -> 0.027344, 1.014404, -0.117920, -3.358779, 0.061069, 0.671756
17:41:23.114 -> 0.023438, 1.012207, -0.114746, -3.236641, -0.061069, 0.793893
17:41:23.147 -> 0.024902, 1.003418, -0.114990, -3.297710, 0.061069, 0.793893
17:41:23.147 -> 0.025391, 1.011475, -0.122314, -3.175573, -0.183206, 0.854962
17:41:23.147 -> 0.024414, 1.009277, -0.119141, -3.358779, -0.244275, 0.671756
17:41:23.181 -> 0.029785, 1.007568, -0.116943, -3.175573, 0.000000, 0.793893
17:41:23.181 -> 0.026855, 1.007080, -0.124512, -3.297710, 0.061069, 0.854962
17:41:23.258 -> 0.023682, 1.015625, -0.120361, -3.236641, -0.122137, 0.671756
17:41:23.258 -> 0.025879, 1.005371, -0.115234, -3.419847, -0.122137, 0.793893
17:41:23.258 -> 0.028564, 1.008301, -0.124512, -3.114504, -0.061069, 0.732824
17:41:23.258 -> 0.027100, 1.005615, -0.126953, -3.114504, 0.061069, 0.793893
17:41:23.258 -> 0.032715, 1.006592, -0.112793, -3.236641, 0.000000, 0.610687
17:41:23.258 -> 0.034668, 1.009766, -0.125244, -3.297710, 0.061069, 0.793893
17:41:23.305 -> 0.031982, 1.005371, -0.116943, -3.419847, -0.183206, 0.732824
17:41:23.305 -> 0.026367, 1.010742, -0.115234, -3.297710, 0.000000, 0.671756
17:41:23.305 -> 0.025146, 1.013672, -0.117188, -3.053435, 0.000000, 0.793893
17:41:23.380 -> 0.023926, 1.006348, -0.119385, -3.236641, -0.122137, 0.732824
17:41:23.380 -> 0.030273, 1.005371, -0.120850, -3.297710, 0.000000, 0.732824
17:41:23.380 -> 0.021484, 1.006592, -0.118164, -3.358779, 0.061069, 0.793893
17:41:23.380 -> 0.022217, 1.010254, -0.117432, -3.358779, 0.000000, 0.671756
17:41:23.380 -> 0.036865, 1.005615, -0.120117, -3.358779, 0.122137, 0.610687
17:41:23.380 -> 0.026855, 1.006592, -0.122070, -3.419847, 0.061069, 0.732824
17:41:23.445 -> 0.025146, 1.004150, -0.123291, -3.175573, -0.122137, 0.854962
17:41:23.445 -> 0.025146, 1.011719, -0.125488, -3.236641, 0.000000, 0.793893
17:41:23.445 -> 0.023193, 1.004150, -0.118164, -3.297710, -0.061069, 0.977099
17:41:23.445 -> 0.031250, 1.004639, -0.125977, -3.297710, 0.000000, 0.732824
17:41:23.445 -> 0.029297, 1.004150, -0.124023, -3.236641, -0.183206, 0.793893
17:41:23.507 -> 0.026123, 1.010498, -0.123291, -3.297710, -0.122137, 0.732824
17:41:23.507 -> 0.025879, 1.008789, -0.122070, -3.297710, -0.122137, 0.793893
17:41:23.507 -> 0.019287, 1.002930, -0.123779, -3.297710, 0.000000, 0.671756
17:41:23.507 -> 0.030029, 1.006592, -0.118164, -3.480916, -0.244275, 0.854962
17:41:23.507 -> 0.032715, 1.011230, -0.125732, -3.175573, -0.244275, 0.854962
17:41:23.575 -> 0.031982, 1.007080, -0.130615, -3.297710, -0.305344, 0.854962
17:41:23.575 -> 0.021484, 1.004883, -0.119873, -3.358779, -0.305344, 0.732824
17:41:23.575 -> 0.028564, 1.013184, -0.115234, -3.175573, -0.122137, 0.732824
17:41:23.575 -> 0.030518, 1.006104, -0.120117, -3.297710, -0.244275, 0.671756
17:41:23.575 -> 0.022461, 1.006104, -0.122314, -3.297710, -0.305344, 0.732824
17:41:23.656 -> 0.029053, 1.008545, -0.119385, -3.358779, -0.366412, 0.793893
17:41:23.656 -> 0.024658, 1.009521, -0.114502, -3.297710, -0.366412, 0.793893
17:41:23.656 -> 0.026611, 1.008057, -0.119629, -3.236641, -0.305344, 0.793893
17:41:23.656 -> 0.027588, 1.005615, -0.124023, -3.114504, -0.427481, 0.671756
17:41:23.656 -> 0.032227, 1.009766, -0.121582, -3.358779, -0.488550, 0.793893
17:41:23.656 -> 0.028320, 1.007568, -0.126465, -3.297710, -0.488550, 0.671756
17:41:23.719 -> 0.034668, 1.009277, -0.120850, -3.236641, -0.610687, 0.854962
17:41:23.719 -> 0.027588, 1.008789, -0.124268, -3.358779, -0.610687, 0.793893
17:41:23.719 -> 0.024658, 1.009521, -0.131592, -3.358779, -0.671756, 0.854962
17:41:23.719 -> 0.023438, 1.003662, -0.123291, -3.297710, -0.732824, 0.732824
17:41:23.719 -> 0.026855, 1.010986, -0.123535, -3.175573, -0.732824, 0.854962
17:41:23.782 -> 0.021973, 1.005859, -0.120117, -3.297710, -0.671756, 0.793893
17:41:23.782 -> 0.025635, 1.008057, -0.121826, -3.358779, -0.793893, 0.732824
17:41:23.782 -> 0.024414, 1.007568, -0.129150, -3.175573, -0.671756, 0.732824
17:41:23.782 -> 0.028564, 1.010986, -0.120605, -3.114504, -0.916031, 0.854962
17:41:23.782 -> 0.027100, 1.004639, -0.124023, -3.236641, -0.854962, 0.671756
17:41:23.843 -> 0.024414, 0.998535, -0.126953, -3.236641, -0.916031, 0.793893
17:41:23.843 -> 0.026855, 1.008057, -0.125244, -3.297710, -1.038168, 0.793893
17:41:23.843 -> 0.027588, 1.006104, -0.122559, -3.175573, -1.038168, 0.793893
17:41:23.843 -> 0.026855, 1.004150, -0.124512, -3.236641, -1.221374, 0.793893
17:41:23.902 -> 0.028076, 1.003662, -0.123779, -3.358779, -1.282443, 0.732824
17:41:23.902 -> 0.024414, 1.010498, -0.116699, -3.236641, -1.160305, 0.854962
17:41:23.902 -> 0.019775, 1.011475, -0.125977, -3.053435, -1.343511, 0.854962
17:41:23.902 -> 0.025635, 1.010986, -0.124512, -2.992366, -1.221374, 0.732824
17:41:23.902 -> 0.031982, 1.012451, -0.129150, -3.114504, -1.404580, 0.732824
17:41:23.948 -> 0.029053, 1.004639, -0.116943, -3.175573, -1.282443, 0.793893
17:41:23.948 -> 0.027344, 1.010498, -0.122070, -3.175573, -1.221374, 0.793893
17:41:23.948 -> 0.029053, 1.009277, -0.113525, -3.236641, -1.221374, 0.854962
17:41:24.009 -> 0.027832, 1.010254, -0.118652, -3.297710, -1.404580, 0.793893
17:41:24.009 -> 0.022705, 1.007568, -0.119629, -3.297710, -1.526718, 0.732824
17:41:24.009 -> 0.026367, 1.008789, -0.126709, -3.297710, -1.404580, 0.732824
17:41:24.009 -> 0.025146, 1.004883, -0.129150, -3.114504, -1.404580, 0.732824
17:41:24.009 -> 0.028809, 1.008057, -0.122559, -3.358779, -1.343511, 0.793893
17:41:24.075 -> 0.026855, 1.007812, -0.124023, -3.297710, -1.343511, 0.793893
17:41:24.075 -> 0.027100, 1.011719, -0.119141, -3.297710, -1.526718, 0.732824
17:41:24.075 -> 0.021729, 1.009277, -0.115967, -3.236641, -1.343511, 0.854962
17:41:24.075 -> 0.026611, 1.004883, -0.115967, -3.175573, -1.282443, 0.793893
17:41:24.075 -> 0.021240, 1.009277, -0.109375, -3.236641, -1.282443, 0.916031
17:41:24.144 -> 0.027100, 1.010254, -0.115479, -3.175573, -1.160305, 0.854962
17:41:24.144 -> 0.027100, 1.008057, -0.115234, -3.358779, -1.282443, 0.916031
17:41:24.144 -> 0.029541, 1.006836, -0.119385, -3.358779, -1.221374, 0.671756
17:41:24.144 -> 0.028076, 1.004395, -0.112793, -3.236641, -1.099237, 0.671756
17:41:24.144 -> 0.020996, 1.006104, -0.118652, -3.297710, -1.160305, 0.732824
17:41:24.204 -> 0.026367, 1.008789, -0.120361, -3.175573, -1.282443, 0.854962
17:41:24.204 -> 0.030273, 1.010010, -0.114990, -3.297710, -1.099237, 0.610687
17:41:24.204 -> 0.025391, 1.007080, -0.117188, -3.236641, -1.099237, 0.854962
17:41:24.204 -> 0.027344, 1.009277, -0.115479, -3.358779, -1.160305, 0.916031
17:41:24.204 -> 0.026367, 1.003662, -0.111328, -3.419847, -0.977099, 0.793893
17:41:24.259 -> 0.026123, 1.006836, -0.113770, -3.297710, -0.977099, 0.854962
17:41:24.259 -> 0.026855, 1.005859, -0.115479, -3.236641, -1.038168, 0.732824
17:41:24.259 -> 0.023926, 1.010986, -0.120605, -3.297710, -0.977099, 0.793893
17:41:24.259 -> 0.030762, 1.004883, -0.116699, -3.236641, -0.854962, 0.732824
17:41:24.299 -> 0.018799, 1.011719, -0.118164, -3.297710, -0.854962, 0.793893
17:41:24.299 -> 0.028320, 1.008545, -0.123535, -3.175573, -0.793893, 0.732824
17:41:24.299 -> 0.026855, 1.012695, -0.114502, -3.175573, -0.793893, 0.854962
17:41:24.339 -> 0.033936, 1.012451, -0.117676, -3.175573, -0.793893, 0.854962
17:41:24.339 -> 0.030762, 1.000244, -0.114746, -3.358779, -0.671756, 0.671756
17:41:24.339 -> 0.026367, 1.006348, -0.115479, -3.297710, -0.549618, 0.793893
17:41:24.375 -> 0.027100, 1.007812, -0.121582, -3.297710, -0.793893, 0.793893
17:41:24.375 -> 0.023926, 1.008301, -0.121338, -3.175573, -0.549618, 0.671756
17:41:24.417 -> 0.024414, 1.005859, -0.111572, -3.358779, -0.732824, 0.732824
17:41:24.417 -> 0.025635, 1.009766, -0.126953, -3.236641, -0.549618, 0.854962
17:41:24.417 -> 0.026123, 1.015625, -0.122803, -3.297710, -0.427481, 0.916031
17:41:24.417 -> 0.029541, 1.010498, -0.118408, -3.175573, -0.549618, 0.793893
17:41:24.456 -> 0.026855, 1.004883, -0.120361, -3.297710, -0.549618, 0.854962
17:41:24.456 -> 0.029053, 1.010742, -0.125000, -3.297710, -0.610687, 0.732824
17:41:24.456 -> 0.029785, 1.011963, -0.124268, -3.236641, -0.549618, 0.793893
17:41:24.483 -> 0.022461, 1.004395, -0.113770, -3.175573, -0.427481, 0.671756
17:41:24.483 -> 0.030029, 1.012939, -0.111328, -3.114504, -0.549618, 0.854962
17:41:24.513 -> 0.031250, 1.007324, -0.125977, -3.297710, -0.244275, 0.854962
17:41:24.513 -> 0.022949, 1.013184, -0.112793, -3.419847, -0.305344, 0.854962
17:41:24.549 -> 0.021973, 1.008789, -0.110596, -3.297710, -0.183206, 0.793893
17:41:24.549 -> 0.028809, 1.009766, -0.120117, -3.114504, -0.122137, 0.854962
17:41:24.549 -> 0.025146, 1.012939, -0.120850, -3.236641, -0.183206, 0.854962
17:41:24.591 -> 0.023193, 1.010986, -0.118652, -3.297710, -0.183206, 0.854962
17:41:24.591 -> 0.024170, 1.014648, -0.115723, -3.297710, -0.183206, 0.854962
17:41:24.591 -> 0.026367, 1.008301, -0.123535, -3.175573, -0.061069, 0.854962
17:41:24.634 -> 0.019287, 1.006104, -0.123291, -3.297710, -0.122137, 0.916031
17:41:24.634 -> 0.024658, 1.011230, -0.127686, -3.419847, -0.183206, 0.854962
17:41:24.634 -> 0.020508, 1.011475, -0.117920, -3.480916, -0.366412, 0.793893
17:41:24.669 -> 0.032227, 1.010742, -0.129395, -3.297710, -0.122137, 0.793893
17:41:24.669 -> 0.031738, 1.001709, -0.124512, -3.114504, -0.244275, 0.793893
17:41:24.669 -> 0.028320, 1.011963, -0.120361, -3.114504, -0.061069, 0.793893
17:41:24.703 -> 0.029053, 1.003418, -0.108887, -3.175573, -0.305344, 0.732824
17:41:24.703 -> 0.021240, 1.013184, -0.121582, -3.236641, 0.000000, 0.977099
17:41:24.732 -> 0.023682, 1.007080, -0.127441, -3.175573, -0.183206, 0.793893
17:41:24.732 -> 0.028564, 1.008301, -0.118408, -3.358779, 0.061069, 0.916031
17:41:24.732 -> 0.026123, 1.003418, -0.123779, -3.358779, 0.061069, 0.977099
17:41:24.762 -> 0.030762, 1.011230, -0.131348, -3.297710, -0.122137, 0.854962
17:41:24.762 -> 0.026123, 1.011230, -0.119385, -3.114504, -0.305344, 0.854962
17:41:24.795 -> 0.020020, 1.010498, -0.125000, -3.358779, -0.061069, 0.854962
17:41:24.795 -> 0.032959, 1.007568, -0.126953, -3.480916, -0.122137, 0.732824
17:41:24.833 -> 0.021240, 1.008057, -0.114746, -3.419847, 0.000000, 0.793893
17:41:24.833 -> 0.026123, 1.007812, -0.116211, -3.175573, -0.061069, 0.793893
17:41:24.833 -> 0.028076, 1.014404, -0.120605, -3.297710, -0.122137, 0.793893
17:41:24.860 -> 0.030518, 1.007568, -0.111572, -3.297710, -0.122137, 0.732824
17:41:24.860 -> 0.031494, 1.014648, -0.131836, -3.297710, -0.061069, 0.916031
17:41:24.897 -> 0.026123, 1.008789, -0.115967, -3.297710, -0.305344, 0.671756
17:41:24.897 -> 0.028809, 1.010498, -0.125732, -3.358779, -0.244275, 0.610687
17:41:24.897 -> 0.025391, 1.005371, -0.124268, -3.175573, -0.244275, 0.732824
17:41:24.932 -> 0.025391, 1.011475, -0.115234, -3.236641, -0.244275, 0.793893
17:41:24.932 -> 0.032227, 1.009521, -0.132324, -3.236641, -0.427481, 0.793893
17:41:24.932 -> 0.025635, 1.009766, -0.126221, -3.236641, -0.427481, 0.793893
17:41:24.964 -> 0.025391, 1.004883, -0.123047, -3.236641, -0.305344, 0.732824
17:41:24.964 -> 0.023438, 1.010010, -0.127197, -3.175573, -0.488550, 0.793893
17:41:25.008 -> 0.026855, 1.010010, -0.131348, -3.419847, -0.366412, 0.854962
17:41:25.008 -> 0.019043, 1.009521, -0.133057, -3.297710, -0.488550, 0.793893
17:41:25.008 -> 0.025635, 1.012207, -0.118896, -3.236641, -0.549618, 0.671756
17:41:25.047 -> 0.029053, 1.011719, -0.116943, -3.236641, -0.671756, 0.732824
17:41:25.047 -> 0.026855, 1.009766, -0.125000, -3.297710, -0.671756, 0.854962
17:41:25.047 -> 0.028809, 1.009766, -0.123047, -3.358779, -0.610687, 0.732824
17:41:25.089 -> 0.029785, 1.008057, -0.123779, -3.297710, -0.793893, 0.671756
17:41:25.089 -> 0.019531, 1.009033, -0.120117, -3.236641, -0.793893, 0.793893
17:41:25.089 -> 0.027832, 1.010742, -0.134033, -3.114504, -0.671756, 0.854962
17:41:25.089 -> 0.028564, 1.004395, -0.122314, -3.358779, -0.732824, 0.854962
17:41:25.129 -> 0.023438, 1.006836, -0.119629, -3.236641, -0.854962, 0.793893
17:41:25.129 -> 0.029541, 1.012451, -0.121582, -3.358779, -0.793893, 0.732824
17:41:25.129 -> 0.026123, 1.008057, -0.123779, -3.297710, -1.038168, 0.793893
17:41:25.169 -> 0.024170, 1.005127, -0.122803, -3.236641, -0.977099, 0.793893
17:41:25.169 -> 0.017334, 1.008057, -0.120361, -3.236641, -0.977099, 0.916031
17:41:25.169 -> 0.021729, 1.010010, -0.120605, -3.236641, -0.977099, 0.854962
17:41:25.210 -> 0.030029, 1.007324, -0.129395, -3.297710, -1.038168, 0.732824
17:41:25.210 -> 0.032715, 1.012695, -0.126221, -3.114504, -0.793893, 0.793893
17:41:25.210 -> 0.023682, 1.008789, -0.117188, -3.236641, -0.977099, 0.793893
17:41:25.248 -> 0.023193, 1.010498, -0.111572, -3.297710, -0.916031, 0.916031
17:41:25.248 -> 0.025391, 1.004150, -0.123291, -3.419847, -0.916031, 0.671756
17:41:25.248 -> 0.030029, 1.005859, -0.121826, -3.236641, -0.854962, 0.793893
17:41:25.282 -> 0.023682, 1.012939, -0.126953, -3.236641, -0.793893, 0.793893
17:41:25.282 -> 0.025391, 1.005371, -0.115234, -3.297710, -1.099237, 0.732824
17:41:25.320 -> 0.030273, 1.003662, -0.114502, -3.236641, -0.916031, 0.671756
17:41:25.320 -> 0.031494, 1.010498, -0.118164, -3.114504, -0.977099, 0.854962
17:41:25.320 -> 0.024902, 1.006104, -0.121582, -3.297710, -0.854962, 0.793893
17:41:25.357 -> 0.033203, 1.007812, -0.115479, -3.297710, -0.793893, 0.671756
17:41:25.357 -> 0.029541, 1.006592, -0.122559, -3.297710, -0.854962, 0.732824
17:41:25.357 -> 0.021973, 1.008545, -0.108398, -3.236641, -0.854962, 0.793893
17:41:25.393 -> 0.030762, 1.012939, -0.126221, -3.175573, -0.854962, 0.732824
17:41:25.393 -> 0.028809, 1.008301, -0.113037, -3.297710, -0.610687, 0.671756
17:41:25.393 -> 0.027588, 1.009033, -0.121094, -3.358779, -0.671756, 0.732824
17:41:25.432 -> 0.026123, 1.015625, -0.117920, -3.175573, -0.671756, 0.854962
17:41:25.432 -> 0.028076, 1.009766, -0.125000, -3.114504, -0.549618, 0.854962
17:41:25.473 -> 0.022705, 1.008057, -0.116211, -3.236641, -0.671756, 0.671756
17:41:25.473 -> 0.031738, 1.007080, -0.117188, -3.175573, -0.610687, 0.610687
17:41:25.473 -> 0.032471, 1.010254, -0.128906, -3.297710, -0.610687, 0.732824
17:41:25.473 -> Logging complete.

17:41:47.970 -> timestamp, ax, ay, az, gx, gy, gz
17:41:48.004 -> 0.029053, 1.000977, -0.108643, -2.748092, -1.160305, 0.793893
17:41:48.004 -> 0.020264, 1.006836, -0.083496, -2.687023, -1.343511, 0.793893
17:41:48.004 -> 0.028564, 1.010254, -0.126221, -3.236641, -1.160305, 0.854962
17:41:48.037 -> 0.028564, 1.007080, -0.135742, -3.419847, -0.793893, 0.793893
17:41:48.037 -> 0.024902, 1.018799, -0.080811, -3.480916, -1.038168, 0.793893
17:41:48.037 -> 0.029541, 1.009766, -0.129150, -3.603053, -1.160305, 0.793893
17:41:48.070 -> 0.029297, 0.999512, -0.148438, -2.992366, -0.732824, 0.793893
17:41:48.070 -> 0.022461, 1.006836, -0.099365, -2.503817, -0.732824, 0.854962
17:41:48.103 -> 0.021484, 1.012207, -0.118896, -2.931298, -1.038168, 0.854962
17:41:48.103 -> 0.028564, 1.009277, -0.141357, -3.358779, -0.916031, 0.854962
17:41:48.137 -> 0.030762, 1.005371, -0.111328, -3.358779, -0.488550, 0.793893
17:41:48.137 -> 0.025879, 1.010010, -0.107178, -3.786260, -0.793893, 0.549618
17:41:48.137 -> 0.028809, 1.007080, -0.133545, -3.175573, -0.854962, 0.732824
17:41:48.170 -> 0.027832, 1.008789, -0.108154, -2.687023, -0.610687, 0.916031
17:41:48.170 -> 0.022461, 1.009277, -0.113037, -3.236641, -0.671756, 0.854962
17:41:48.170 -> 0.027344, 1.013428, -0.117920, -3.664122, -0.671756, 0.793893
17:41:48.204 -> 0.027832, 1.003418, -0.106689, -3.541985, -0.183206, 0.732824
17:41:48.204 -> 0.024658, 1.005371, -0.111816, -3.541985, -0.488550, 0.793893
17:41:48.237 -> 0.019531, 1.005371, -0.120361, -3.114504, -0.549618, 0.793893
17:41:48.237 -> 0.027100, 1.008545, -0.115967, -2.992366, -0.488550, 0.732824
17:41:48.237 -> 0.026611, 1.014160, -0.117188, -3.053435, -0.427481, 0.732824
17:41:48.271 -> 0.027100, 1.009766, -0.114746, -3.480916, -0.488550, 0.854962
17:41:48.271 -> 0.027588, 1.012939, -0.126709, -3.480916, -0.366412, 0.793893
17:41:48.304 -> 0.023193, 0.996338, -0.107910, -3.297710, -0.244275, 0.732824
17:41:48.304 -> 0.022705, 1.011230, -0.115723, -2.992366, -0.427481, 0.793893
17:41:48.304 -> 0.030029, 1.007324, -0.131836, -2.931298, -0.305344, 0.916031
17:41:48.337 -> 0.024170, 1.011963, -0.119385, -3.297710, -0.366412, 0.732824
17:41:48.337 -> 0.027588, 1.016357, -0.115479, -3.419847, -0.305344, 0.854962
17:41:48.370 -> 0.020508, 1.004883, -0.120117, -3.541985, -0.366412, 0.854962
17:41:48.370 -> 0.023926, 1.010742, -0.130615, -3.480916, -0.183206, 0.671756
17:41:48.370 -> 0.025879, 1.002930, -0.116943, -2.931298, -0.183206, 0.793893
17:41:48.403 -> 0.026123, 1.019531, -0.114990, -2.931298, -0.427481, 0.854962
17:41:48.403 -> 0.024902, 1.009277, -0.120850, -3.236641, -0.244275, 0.793893
17:41:48.437 -> 0.032471, 1.011475, -0.120361, -3.419847, -0.244275, 0.793893
17:41:48.437 -> 0.021729, 1.010254, -0.108643, -3.358779, -0.488550, 0.732824
17:41:48.437 -> 0.032959, 1.005615, -0.126953, -3.541985, -0.366412, 0.732824
17:41:48.470 -> 0.028320, 1.003174, -0.122314, -3.053435, -0.366412, 0.732824
17:41:48.470 -> 0.021240, 1.007324, -0.124268, -2.931298, -0.366412, 0.732824
17:41:48.504 -> 0.027588, 1.015625, -0.133057, -3.297710, -0.549618, 0.732824
17:41:48.504 -> 0.022461, 1.009033, -0.130127, -3.541985, -0.610687, 0.854962
17:41:48.504 -> 0.027588, 1.011963, -0.116211, -3.480916, -0.549618, 0.854962
17:41:48.537 -> 0.020264, 1.007812, -0.125977, -3.297710, -0.488550, 0.854962
17:41:48.537 -> 0.024658, 1.005859, -0.120361, -2.870229, -0.549618, 0.732824
17:41:48.570 -> 0.031982, 1.013428, -0.120850, -3.114504, -0.610687, 0.793893
17:41:48.570 -> 0.029297, 1.014893, -0.123779, -3.236641, -0.610687, 0.793893
17:41:48.570 -> 0.028076, 1.006104, -0.128662, -3.358779, -0.671756, 0.671756
17:41:48.604 -> 0.028076, 1.009766, -0.116943, -3.419847, -0.488550, 0.854962
17:41:48.604 -> 0.025146, 1.008789, -0.119629, -3.175573, -0.671756, 0.732824
17:41:48.637 -> 0.027344, 1.009766, -0.121094, -3.053435, -0.427481, 0.671756
17:41:48.637 -> 0.028564, 1.004150, -0.114258, -3.053435, -0.488550, 0.916031
17:41:48.637 -> 0.025879, 1.016357, -0.120605, -3.358779, -0.549618, 0.854962
17:41:48.670 -> 0.034180, 1.008301, -0.123291, -3.419847, -0.732824, 0.732824
17:41:48.670 -> 0.020996, 1.010010, -0.124512, -3.419847, -0.610687, 0.793893
17:41:48.703 -> 0.032227, 1.003906, -0.119629, -3.236641, -0.793893, 0.610687
17:41:48.703 -> 0.021729, 1.005615, -0.120361, -3.114504, -0.671756, 0.854962
17:41:48.703 -> 0.027832, 1.010498, -0.117432, -3.175573, -0.854962, 0.793893
17:41:48.775 -> 0.027100, 1.010254, -0.129883, -3.114504, -0.793893, 0.854962
17:41:48.775 -> 0.027588, 1.009521, -0.125977, -3.480916, -0.854962, 0.977099
17:41:48.775 -> 0.028076, 1.010986, -0.122314, -3.297710, -0.916031, 0.854962
17:41:48.775 -> 0.023926, 1.007324, -0.116455, -3.236641, -0.793893, 0.732824
17:41:48.775 -> 0.026367, 1.010986, -0.119385, -3.175573, -0.916031, 0.732824
17:41:48.775 -> 0.028564, 1.008301, -0.118408, -3.175573, -0.854962, 0.671756
17:41:48.843 -> 0.028076, 1.013184, -0.118408, -3.175573, -0.854962, 0.732824
17:41:48.843 -> 0.028564, 1.009033, -0.124756, -3.297710, -0.854962, 0.793893
17:41:48.843 -> 0.020020, 1.008057, -0.120361, -3.358779, -0.793893, 0.854962
17:41:48.843 -> 0.020020, 1.015625, -0.133545, -3.236641, -0.854962, 0.854962
17:41:48.843 -> 0.027344, 1.008057, -0.116455, -3.053435, -0.671756, 0.916031
17:41:48.907 -> 0.023682, 1.011719, -0.116211, -3.236641, -0.732824, 0.854962
17:41:48.907 -> 0.025879, 1.005371, -0.124512, -3.297710, -0.732824, 0.793893
17:41:48.907 -> 0.028320, 1.002930, -0.120605, -3.358779, -0.854962, 1.038168
17:41:48.907 -> 0.029297, 1.005371, -0.121338, -3.358779, -0.732824, 0.610687
17:41:48.907 -> 0.023926, 1.011719, -0.115967, -3.297710, -0.793893, 0.793893
17:41:48.965 -> 0.026123, 1.011963, -0.126465, -3.053435, -0.793893, 0.854962
17:41:48.965 -> 0.031250, 1.009521, -0.114502, -3.114504, -0.732824, 0.854962
17:41:48.965 -> 0.025391, 1.008057, -0.122314, -3.236641, -0.671756, 0.977099
17:41:48.965 -> 0.025391, 1.008301, -0.121826, -3.358779, -0.610687, 0.610687
17:41:49.018 -> 0.019287, 1.003662, -0.119873, -2.992366, -0.610687, 0.793893
17:41:49.018 -> 0.028564, 1.010498, -0.112549, -3.175573, -0.854962, 0.793893
17:41:49.018 -> 0.026123, 1.007324, -0.113525, -3.236641, -0.610687, 0.854962
17:41:49.018 -> 0.027100, 1.009033, -0.113525, -3.236641, -0.610687, 0.610687
17:41:49.076 -> 0.021240, 1.008301, -0.126221, -3.297710, -0.549618, 0.793893
17:41:49.076 -> 0.023438, 1.006836, -0.122314, -3.358779, -0.610687, 0.854962
17:41:49.076 -> 0.026855, 1.012207, -0.118652, -3.297710, -0.671756, 0.732824
17:41:49.076 -> 0.030273, 1.009521, -0.116455, -3.297710, -0.427481, 0.671756
17:41:49.145 -> 0.022461, 1.007812, -0.123535, -3.236641, -0.671756, 0.793893
17:41:49.145 -> 0.025146, 1.011475, -0.123291, -3.114504, -0.671756, 0.793893
17:41:49.145 -> 0.024902, 1.005371, -0.123291, -3.419847, -0.916031, 0.854962
17:41:49.145 -> 0.028564, 1.010498, -0.114990, -3.236641, -0.610687, 0.793893
17:41:49.145 -> 0.025635, 1.005615, -0.116699, -3.297710, -0.671756, 0.916031
17:41:49.196 -> 0.024902, 1.002686, -0.119141, -3.297710, -0.549618, 0.793893
17:41:49.196 -> 0.026123, 1.006348, -0.120117, -3.175573, -0.427481, 0.671756
17:41:49.196 -> 0.025635, 1.007080, -0.114014, -3.419847, -0.488550, 0.671756
17:41:49.196 -> 0.031494, 1.006104, -0.113770, -3.358779, -0.671756, 0.977099
17:41:49.262 -> 0.025635, 1.009521, -0.120117, -3.297710, -0.671756, 0.916031
17:41:49.262 -> 0.021973, 1.009766, -0.119629, -3.236641, -0.793893, 0.793893
17:41:49.262 -> 0.024658, 1.002197, -0.123047, -3.236641, -0.427481, 0.610687
17:41:49.262 -> 0.032227, 1.008057, -0.119873, -3.358779, -0.610687, 0.854962
17:41:49.262 -> 0.022705, 1.006836, -0.116699, -3.236641, -0.305344, 0.977099
17:41:49.323 -> 0.025146, 1.016113, -0.126709, -3.603053, -0.488550, 0.793893
17:41:49.323 -> 0.028564, 1.000977, -0.122070, -3.297710, -0.427481, 0.732824
17:41:49.323 -> 0.031250, 1.007568, -0.120117, -3.358779, -0.610687, 0.793893
17:41:49.323 -> 0.030762, 1.005371, -0.119385, -3.297710, -0.671756, 0.854962
17:41:49.323 -> 0.025391, 1.016113, -0.125244, -3.114504, -0.305344, 0.854962
17:41:49.382 -> 0.021240, 1.010986, -0.118164, -3.297710, -0.488550, 0.977099
17:41:49.382 -> 0.023682, 1.011719, -0.113770, -3.419847, -0.610687, 0.793893
17:41:49.382 -> 0.021729, 1.008057, -0.131836, -3.297710, -0.549618, 0.916031
17:41:49.382 -> 0.025879, 1.007568, -0.121582, -3.419847, -0.549618, 0.977099
17:41:49.441 -> 0.026123, 1.006836, -0.121094, -3.358779, -0.549618, 0.732824
17:41:49.441 -> 0.031006, 1.014160, -0.122070, -3.236641, -0.549618, 0.793893
17:41:49.441 -> 0.029053, 1.009766, -0.121826, -3.175573, -0.366412, 0.854962
17:41:49.441 -> 0.025391, 1.013916, -0.121826, -3.358779, -0.488550, 0.854962
17:41:49.441 -> 0.020020, 1.005859, -0.123535, -3.419847, -0.549618, 0.732824
17:41:49.486 -> 0.024658, 1.007568, -0.118652, -3.297710, -0.427481, 0.732824
17:41:49.486 -> 0.023682, 1.004150, -0.118408, -3.297710, -0.732824, 0.793893
17:41:49.486 -> 0.020996, 1.005615, -0.124756, -3.175573, -0.610687, 0.793893
17:41:49.543 -> 0.025391, 1.011475, -0.129639, -3.419847, -0.366412, 0.916031
17:41:49.543 -> 0.027588, 1.006836, -0.122803, -3.358779, -0.610687, 0.671756
17:41:49.543 -> 0.034668, 1.007324, -0.124268, -3.419847, -0.793893, 0.732824
17:41:49.543 -> 0.022217, 1.009521, -0.123779, -3.419847, -0.488550, 0.854962
17:41:49.543 -> 0.027344, 1.010742, -0.117188, -3.053435, -0.488550, 0.793893
17:41:49.613 -> 0.028809, 1.009766, -0.112793, -3.053435, -0.549618, 0.793893
17:41:49.613 -> 0.023682, 1.010498, -0.119629, -3.236641, -0.549618, 0.793893
17:41:49.613 -> 0.028320, 1.011230, -0.117188, -3.419847, -0.793893, 0.793893
17:41:49.613 -> 0.027832, 1.008789, -0.118164, -3.236641, -0.488550, 0.732824
17:41:49.613 -> 0.022461, 1.010498, -0.114746, -3.114504, -0.549618, 0.732824
17:41:49.691 -> 0.028320, 1.006592, -0.118408, -3.297710, -0.549618, 0.610687
17:41:49.691 -> 0.031982, 1.009277, -0.115723, -3.358779, -0.488550, 0.732824
17:41:49.691 -> 0.027344, 1.005615, -0.122314, -3.297710, -0.244275, 0.854962
17:41:49.691 -> 0.025879, 1.005371, -0.125488, -3.114504, -0.366412, 0.793893
17:41:49.691 -> 0.025635, 1.006348, -0.118408, -3.358779, -0.244275, 0.671756
17:41:49.691 -> 0.025879, 1.005615, -0.122314, -3.175573, -0.366412, 0.854962
17:41:49.727 -> 0.024658, 1.008301, -0.131348, -3.236641, -0.305344, 0.916031
17:41:49.727 -> 0.030762, 1.004883, -0.125244, -3.175573, -0.427481, 0.793893
17:41:49.727 -> 0.028076, 1.013916, -0.121582, -3.297710, -0.305344, 0.916031
17:41:49.766 -> 0.021729, 1.005859, -0.118652, -3.419847, -0.610687, 0.732824
17:41:49.766 -> 0.029297, 1.011230, -0.134033, -3.236641, -0.366412, 0.793893
17:41:49.810 -> 0.019531, 1.008545, -0.117676, -3.114504, -0.549618, 0.732824
17:41:49.810 -> 0.029297, 1.008057, -0.119873, -3.297710, -0.488550, 0.610687
17:41:49.810 -> 0.024658, 1.012695, -0.119385, -3.236641, -0.366412, 0.854962
17:41:49.810 -> 0.025146, 1.008545, -0.125732, -3.358779, -0.366412, 0.671756
17:41:49.848 -> 0.030029, 1.004395, -0.122803, -3.175573, -0.671756, 0.916031
17:41:49.848 -> 0.031250, 1.008545, -0.124268, -3.358779, -0.305344, 0.916031
17:41:49.848 -> 0.024170, 1.004883, -0.119385, -3.175573, -0.427481, 0.793893
17:41:49.883 -> 0.024658, 1.012207, -0.113525, -3.236641, -0.549618, 0.671756
17:41:49.883 -> 0.028320, 1.008057, -0.130371, -3.358779, -0.671756, 0.793893
17:41:49.924 -> 0.029053, 1.009766, -0.122559, -3.297710, -0.549618, 0.916031
17:41:49.924 -> 0.029053, 1.004883, -0.115723, -3.358779, -0.610687, 0.732824
17:41:49.924 -> 0.021973, 1.007324, -0.127930, -3.297710, -0.671756, 0.793893
17:41:49.924 -> 0.032715, 1.008057, -0.119629, -3.175573, -0.549618, 0.854962
17:41:49.958 -> 0.025635, 1.011719, -0.123535, -3.358779, -0.610687, 0.671756
17:41:49.958 -> 0.023926, 1.007080, -0.127686, -3.297710, -0.549618, 0.793893
17:41:49.994 -> 0.028564, 1.006104, -0.111816, -3.358779, -0.854962, 0.793893
17:41:49.994 -> 0.032227, 1.006592, -0.128662, -3.419847, -0.793893, 0.793893
17:41:49.994 -> 0.026611, 1.004150, -0.123047, -3.358779, -0.671756, 0.732824
17:41:50.028 -> 0.027344, 1.004395, -0.122803, -3.175573, -0.732824, 0.732824
17:41:50.028 -> 0.024658, 1.001953, -0.116943, -3.297710, -0.732824, 0.732824
17:41:50.061 -> 0.023926, 1.012939, -0.125977, -3.114504, -0.793893, 0.854962
17:41:50.061 -> 0.031738, 1.007324, -0.117920, -3.358779, -0.854962, 0.793893
17:41:50.061 -> 0.024902, 1.011963, -0.119873, -3.480916, -0.916031, 0.854962
17:41:50.094 -> 0.023438, 1.007080, -0.117676, -3.053435, -0.793893, 0.916031
17:41:50.094 -> 0.024658, 1.010742, -0.121826, -3.175573, -0.854962, 0.854962
17:41:50.132 -> 0.026855, 1.006348, -0.117920, -3.175573, -0.854962, 0.732824
17:41:50.132 -> 0.029541, 1.007324, -0.122803, -3.175573, -0.671756, 0.977099
17:41:50.132 -> 0.022949, 1.004395, -0.119385, -3.053435, -0.793893, 0.732824
17:41:50.161 -> 0.027344, 1.009033, -0.119385, -3.236641, -0.610687, 0.977099
17:41:50.161 -> 0.024414, 1.013428, -0.118408, -3.114504, -0.610687, 0.671756
17:41:50.198 -> 0.024414, 1.005371, -0.115723, -3.297710, -0.732824, 0.610687
17:41:50.198 -> 0.028564, 1.009277, -0.117432, -3.297710, -0.488550, 0.854962
17:41:50.198 -> 0.025391, 1.011719, -0.122803, -3.419847, -0.488550, 0.671756
17:41:50.234 -> 0.027100, 1.006348, -0.114258, -3.419847, -0.671756, 0.793893
17:41:50.234 -> 0.027100, 1.006592, -0.127441, -3.175573, -0.671756, 0.671756
17:41:50.234 -> 0.027588, 1.007080, -0.121338, -3.297710, -0.488550, 0.793893
17:41:50.266 -> 0.023438, 1.012207, -0.125732, -3.175573, -0.549618, 0.793893
17:41:50.266 -> 0.027588, 1.010498, -0.115234, -3.236641, -0.732824, 0.732824
17:41:50.300 -> 0.026123, 1.009521, -0.119385, -3.297710, -0.610687, 0.793893
17:41:50.300 -> 0.029297, 1.006592, -0.122314, -3.297710, -0.671756, 0.854962
17:41:50.300 -> 0.018799, 1.012695, -0.111328, -3.297710, -0.671756, 0.671756
17:41:50.342 -> 0.025391, 1.007080, -0.113525, -3.297710, -0.549618, 0.916031
17:41:50.342 -> 0.022705, 1.010742, -0.127686, -3.297710, -0.732824, 0.793893
17:41:50.342 -> 0.029297, 1.004395, -0.126221, -3.358779, -0.610687, 0.671756
17:41:50.381 -> 0.027344, 1.011230, -0.122314, -3.297710, -0.671756, 0.854962
17:41:50.381 -> 0.027832, 1.016113, -0.116455, -3.175573, -0.549618, 0.854962
17:41:50.381 -> 0.022217, 1.009766, -0.119141, -3.175573, -0.732824, 0.854962
17:41:50.414 -> 0.021240, 1.009277, -0.112061, -3.114504, -0.610687, 0.854962
17:41:50.414 -> 0.026123, 1.012939, -0.127930, -3.297710, -0.732824, 0.854962
17:41:50.414 -> 0.028809, 1.003662, -0.121826, -3.236641, -0.610687, 0.732824
17:41:50.458 -> 0.021240, 1.009766, -0.123047, -3.358779, -0.916031, 0.793893
17:41:50.458 -> 0.020752, 1.008789, -0.113037, -3.358779, -0.610687, 0.854962
17:41:50.458 -> 0.019531, 1.010010, -0.123779, -3.175573, -0.488550, 0.732824
17:41:50.495 -> 0.031982, 1.006592, -0.126465, -3.297710, -0.793893, 0.916031
17:41:50.495 -> 0.029541, 1.009521, -0.117920, -3.236641, -0.671756, 0.732824
17:41:50.495 -> 0.024902, 1.004395, -0.117432, -3.419847, -0.732824, 1.038168
17:41:50.530 -> 0.023193, 1.008789, -0.123779, -3.419847, -0.610687, 0.854962
17:41:50.530 -> 0.022705, 1.011230, -0.125000, -3.053435, -0.671756, 0.793893
17:41:50.563 -> 0.031494, 1.009521, -0.122070, -3.358779, -0.732824, 0.793893
17:41:50.563 -> 0.029785, 1.010254, -0.121582, -3.419847, -0.610687, 0.793893
17:41:50.563 -> 0.023926, 1.006104, -0.124512, -3.236641, -0.671756, 0.732824
17:41:50.598 -> 0.027588, 1.009277, -0.123535, -3.297710, -0.793893, 0.732824
17:41:50.598 -> 0.025146, 1.010498, -0.115723, -3.358779, -0.671756, 0.793893
17:41:50.627 -> 0.030273, 1.011230, -0.115479, -3.114504, -0.732824, 0.793893
17:41:50.627 -> 0.027100, 1.005615, -0.124268, -3.358779, -0.854962, 0.854962
17:41:50.627 -> 0.030518, 1.008057, -0.122070, -3.114504, -0.610687, 0.793893
17:41:50.657 -> 0.027344, 1.010742, -0.121582, -3.114504, -0.671756, 0.977099
17:41:50.657 -> 0.026611, 1.010010, -0.129883, -3.358779, -0.732824, 0.854962
17:41:50.690 -> 0.028320, 1.007324, -0.117920, -3.236641, -0.610687, 0.916031
17:41:50.690 -> 0.021729, 1.004883, -0.110596, -3.297710, -0.366412, 0.854962
17:41:50.723 -> 0.025146, 1.009766, -0.119385, -3.175573, -0.732824, 0.854962
17:41:50.723 -> 0.024658, 1.008545, -0.117920, -3.236641, -0.732824, 0.854962
17:41:50.723 -> 0.027588, 1.011230, -0.111328, -3.358779, -0.488550, 0.793893
17:41:50.756 -> 0.031250, 1.013916, -0.118408, -3.297710, -0.610687, 0.793893
17:41:50.756 -> 0.024658, 1.005127, -0.112305, -3.419847, -0.671756, 0.793893
17:41:50.790 -> 0.027100, 1.007812, -0.123291, -3.236641, -0.671756, 0.671756
17:41:50.790 -> 0.032227, 1.008545, -0.124756, -3.297710, -0.488550, 0.916031
17:41:50.790 -> 0.031738, 1.004395, -0.125488, -3.297710, -0.549618, 0.793893
17:41:50.823 -> 0.026123, 1.010010, -0.116699, -3.419847, -0.366412, 0.732824
17:41:50.823 -> 0.025635, 1.010986, -0.118408, -3.297710, -0.488550, 0.671756
17:41:50.856 -> 0.023193, 1.009033, -0.117188, -3.236641, -0.671756, 0.671756
17:41:50.856 -> 0.027832, 1.014648, -0.124023, -3.175573, -0.671756, 0.671756
17:41:50.856 -> 0.027344, 1.006348, -0.124512, -3.358779, -0.549618, 0.854962
17:41:50.889 -> 0.027100, 1.010498, -0.108398, -3.358779, -0.488550, 0.732824
17:41:50.889 -> 0.019043, 1.004639, -0.122314, -3.236641, -0.610687, 0.854962
17:41:50.926 -> 0.026123, 1.008545, -0.120605, -3.114504, -0.549618, 0.793893
17:41:50.926 -> 0.019043, 1.012939, -0.115479, -3.358779, -0.793893, 0.793893
17:41:50.926 -> 0.029297, 1.004395, -0.114502, -3.297710, -0.610687, 0.916031
17:41:50.959 -> 0.020996, 1.008789, -0.112061, -3.114504, -0.366412, 0.916031
17:41:50.959 -> 0.026855, 1.016846, -0.107178, -3.114504, -0.244275, 0.793893
17:41:50.959 -> 0.029297, 1.008301, -0.117920, -3.358779, -0.366412, 0.854962
17:41:50.993 -> 0.020752, 1.005371, -0.123779, -3.236641, -0.244275, 0.732824
17:41:50.993 -> Logging complete.

17:45:25.167 -> timestamp, ax, ay, az, gx, gy, gz
17:45:25.167 -> 0.024170, 1.009766, -0.123047, -3.236641, -0.671756, 0.854962
17:45:25.167 -> 0.030518, 1.009033, -0.121582, -3.419847, -0.610687, 0.854962
17:45:25.200 -> 0.025146, 1.010986, -0.120850, -3.419847, -0.610687, 0.793893
17:45:25.200 -> 0.029297, 1.007812, -0.122559, -3.175573, -0.488550, 0.916031
17:45:25.233 -> 0.027344, 1.006104, -0.125732, -3.297710, -0.488550, 0.916031
17:45:25.233 -> 0.031006, 1.009766, -0.125000, -3.297710, -0.610687, 0.610687
17:45:25.233 -> 0.025391, 1.002686, -0.121582, -3.236641, -0.671756, 0.977099
17:45:25.266 -> 0.028564, 1.009521, -0.119385, -3.175573, -0.610687, 0.916031
17:45:25.266 -> 0.029541, 1.007812, -0.120605, -3.114504, -0.488550, 0.854962
17:45:25.266 -> 0.026855, 1.010254, -0.121826, -3.053435, -0.488550, 0.854962
17:45:25.300 -> 0.026123, 1.007812, -0.123779, -3.419847, -0.549618, 0.793893
17:45:25.300 -> 0.025146, 1.009521, -0.115234, -3.236641, -0.610687, 0.671756
17:45:25.333 -> 0.024414, 1.006836, -0.126709, -3.236641, -0.610687, 0.671756
17:45:25.333 -> 0.031006, 1.010498, -0.129150, -3.175573, -0.610687, 0.854962
17:45:25.333 -> 0.031982, 1.007568, -0.127441, -3.175573, -0.793893, 0.793893
17:45:25.366 -> 0.027100, 1.006836, -0.115234, -3.358779, -0.671756, 0.854962
17:45:25.366 -> 0.025879, 1.008789, -0.120605, -3.419847, -0.671756, 0.610687
17:45:25.399 -> 0.025391, 1.009277, -0.114014, -3.236641, -0.488550, 0.732824
17:45:25.399 -> 0.029053, 1.010254, -0.112061, -3.297710, -0.549618, 0.671756
17:45:25.399 -> 0.019043, 1.009033, -0.121826, -2.992366, -0.549618, 0.793893
17:45:25.433 -> 0.034180, 1.009521, -0.115967, -3.480916, -0.488550, 0.977099
17:45:25.433 -> 0.029053, 1.002686, -0.118896, -3.053435, -0.488550, 0.793893
17:45:25.466 -> 0.027100, 1.001953, -0.117676, -3.236641, -0.549618, 0.732824
17:45:25.466 -> 0.033447, 1.009766, -0.115723, -3.358779, -0.671756, 0.671756
17:45:25.466 -> 0.031006, 1.014648, -0.114502, -3.297710, -0.549618, 0.610687
17:45:25.499 -> 0.025879, 1.010742, -0.123779, -3.419847, -0.610687, 0.732824
17:45:25.499 -> 0.027832, 1.011719, -0.113770, -3.358779, -0.671756, 0.854962
17:45:25.532 -> 0.028076, 1.006836, -0.116943, -3.236641, -0.671756, 0.793893
17:45:25.532 -> 0.026367, 1.014160, -0.117676, -3.358779, -0.549618, 0.671756
17:45:25.532 -> 0.022705, 1.007812, -0.124023, -3.297710, -0.610687, 0.854962
17:45:25.566 -> 0.032227, 1.004883, -0.123535, -3.297710, -0.549618, 0.854962
17:45:25.566 -> 0.028076, 1.006836, -0.126709, -3.358779, -0.610687, 0.916031
17:45:25.599 -> 0.026123, 1.010254, -0.116455, -3.297710, -0.671756, 0.610687
17:45:25.599 -> 0.025879, 1.003662, -0.120850, -3.358779, -0.549618, 0.793893
17:45:25.599 -> 0.024902, 1.006592, -0.127197, -3.419847, -0.793893, 0.671756
17:45:25.633 -> 0.032227, 1.010010, -0.122314, -3.236641, -0.549618, 0.671756
17:45:25.633 -> 0.021240, 1.003418, -0.126465, -3.175573, -0.549618, 0.793893
17:45:25.666 -> 0.025391, 1.001709, -0.122803, -3.236641, -0.427481, 0.793893
17:45:25.666 -> 0.026367, 1.008789, -0.119873, -3.297710, -0.610687, 0.671756
17:45:25.666 -> 0.021240, 1.010742, -0.121826, -3.297710, -0.549618, 0.854962
17:45:25.699 -> 0.031006, 1.010742, -0.108398, -3.236641, -0.488550, 0.732824
17:45:25.699 -> 0.028809, 1.010986, -0.119873, -3.175573, -0.671756, 0.793893
17:45:25.732 -> 0.024658, 1.013916, -0.114746, -3.114504, -0.549618, 0.732824
17:45:25.732 -> 0.028564, 1.011963, -0.117920, -3.297710, -0.732824, 0.732824
17:45:25.732 -> 0.030273, 1.009521, -0.127686, -3.297710, -0.549618, 0.732824
17:45:25.766 -> 0.025391, 1.006104, -0.114502, -3.297710, -0.488550, 0.671756
17:45:25.766 -> 0.028320, 1.004883, -0.122803, -3.358779, -0.610687, 0.793893
17:45:25.799 -> 0.023926, 1.005127, -0.122803, -3.114504, -0.610687, 0.732824
17:45:25.799 -> 0.026855, 1.008789, -0.119385, -3.175573, -0.610687, 0.732824
17:45:25.799 -> 0.018799, 1.006836, -0.125000, -3.297710, -0.671756, 0.793893
17:45:25.832 -> 0.027100, 1.005615, -0.116943, -3.236641, -0.671756, 0.671756
17:45:25.832 -> 0.024902, 1.011719, -0.120117, -3.175573, -0.610687, 0.916031
17:45:25.865 -> 0.024658, 1.000977, -0.124268, -3.236641, -0.610687, 0.854962
17:45:25.865 -> 0.027344, 1.014648, -0.118652, -3.297710, -0.427481, 0.793893
17:45:25.865 -> 0.027588, 1.011719, -0.120361, -3.236641, -0.610687, 0.854962
17:45:25.898 -> 0.027832, 1.011719, -0.119873, -3.297710, -0.549618, 0.610687
17:45:25.898 -> 0.028320, 1.008789, -0.118652, -3.297710, -0.488550, 0.732824
17:45:25.957 -> 0.022461, 1.005859, -0.118408, -3.053435, -0.488550, 0.610687
17:45:25.957 -> 0.037598, 1.005127, -0.122070, -3.358779, -0.732824, 0.793893
17:45:25.957 -> 0.026123, 1.012451, -0.125732, -3.297710, -0.793893, 0.793893
17:45:25.957 -> 0.027588, 1.007568, -0.124756, -3.114504, -0.671756, 0.854962
17:45:25.957 -> 0.026611, 1.014160, -0.115234, -3.358779, -0.732824, 0.732824
17:45:26.013 -> 0.023682, 1.010254, -0.116699, -3.175573, -0.610687, 0.610687
17:45:26.013 -> 0.030518, 1.005127, -0.124756, -3.236641, -0.671756, 0.854962
17:45:26.013 -> 0.021729, 0.999512, -0.115234, -2.992366, -0.549618, 0.916031
17:45:26.013 -> 0.029053, 1.011230, -0.119873, -3.358779, -0.671756, 0.671756
17:45:26.075 -> 0.027832, 1.007812, -0.122559, -3.175573, -0.732824, 0.793893
17:45:26.075 -> 0.017578, 1.008057, -0.112793, -3.358779, -0.732824, 0.916031
17:45:26.075 -> 0.029297, 1.003662, -0.121826, -3.175573, -0.549618, 0.671756
17:45:26.075 -> 0.031982, 1.007812, -0.125244, -3.358779, -0.488550, 0.916031
17:45:26.075 -> 0.023926, 1.003174, -0.114014, -3.297710, -0.732824, 0.793893
17:45:26.118 -> 0.024658, 1.007080, -0.130127, -3.236641, -0.732824, 0.793893
17:45:26.118 -> 0.026123, 1.007568, -0.120361, -3.114504, -0.427481, 0.732824
17:45:26.118 -> 0.025635, 1.002441, -0.116943, -3.297710, -0.610687, 0.732824
17:45:26.187 -> 0.027832, 1.010986, -0.129395, -3.297710, -0.549618, 0.854962
17:45:26.187 -> 0.031982, 1.010498, -0.120361, -3.114504, -0.671756, 0.732824
17:45:26.187 -> 0.028320, 1.017822, -0.120361, -3.175573, -0.549618, 0.671756
17:45:26.187 -> 0.022461, 1.009277, -0.124023, -3.297710, -0.549618, 0.854962
17:45:26.187 -> 0.029297, 1.003662, -0.118408, -3.175573, -0.732824, 0.671756
17:45:26.244 -> 0.023193, 1.015137, -0.118896, -3.297710, -0.610687, 0.671756
17:45:26.244 -> 0.029297, 1.006836, -0.121338, -3.114504, -0.793893, 0.916031
17:45:26.244 -> 0.028076, 1.006592, -0.127930, -3.236641, -0.610687, 0.854962
17:45:26.244 -> 0.028076, 1.002197, -0.119629, -3.297710, -0.549618, 0.916031
17:45:26.244 -> 0.026123, 1.001221, -0.122803, -3.236641, -0.549618, 0.977099
17:45:26.297 -> 0.025879, 1.010010, -0.125244, -3.175573, -0.488550, 0.916031
17:45:26.297 -> 0.021240, 1.011230, -0.115723, -3.236641, -0.732824, 0.732824
17:45:26.297 -> 0.026855, 1.006104, -0.122070, -3.053435, -0.610687, 0.916031
17:45:26.345 -> 0.023682, 1.008545, -0.111084, -3.175573, -0.671756, 0.977099
17:45:26.345 -> 0.031738, 1.004883, -0.122314, -3.419847, -0.488550, 0.732824
17:45:26.345 -> 0.028564, 1.007812, -0.121826, -3.114504, -0.610687, 0.732824
17:45:26.345 -> 0.021484, 1.007568, -0.107666, -3.175573, -0.671756, 0.793893
17:45:26.399 -> 0.016846, 1.006836, -0.127930, -3.236641, -0.671756, 0.916031
17:45:26.399 -> 0.021973, 1.010742, -0.115234, -3.358779, -0.610687, 0.732824
17:45:26.399 -> 0.033691, 1.009033, -0.114014, -3.236641, -0.488550, 0.793893
17:45:26.399 -> 0.028320, 1.011719, -0.114258, -3.175573, -0.610687, 0.793893
17:45:26.468 -> 0.030762, 1.011475, -0.117920, -3.358779, -0.671756, 0.732824
17:45:26.468 -> 0.031006, 1.012207, -0.108643, -3.297710, -0.671756, 0.671756
17:45:26.468 -> 0.028564, 1.011475, -0.121826, -3.419847, -0.671756, 0.854962
17:45:26.468 -> 0.028809, 1.004639, -0.115723, -3.358779, -0.671756, 0.854962
17:45:26.468 -> 0.023682, 1.010498, -0.111816, -3.297710, -0.549618, 0.793893
17:45:26.468 -> 0.025391, 1.007812, -0.116943, -3.175573, -0.549618, 0.793893
17:45:26.529 -> 0.029785, 1.008789, -0.121582, -3.297710, -0.671756, 0.671756
17:45:26.529 -> 0.027832, 1.009033, -0.120361, -3.297710, -0.549618, 0.916031
17:45:26.529 -> 0.027344, 1.008545, -0.125000, -3.114504, -0.732824, 0.732824
17:45:26.529 -> 0.026123, 1.012207, -0.120361, -3.175573, -0.610687, 0.854962
17:45:26.591 -> 0.026123, 1.001709, -0.123779, -3.236641, -0.732824, 0.916031
17:45:26.591 -> 0.025146, 1.006348, -0.121094, -3.236641, -0.732824, 0.977099
17:45:26.591 -> 0.027832, 1.003906, -0.117432, -3.297710, -0.732824, 0.854962
17:45:26.591 -> 0.023438, 1.010986, -0.124268, -3.236641, -0.793893, 0.916031
17:45:26.591 -> 0.023682, 1.010254, -0.110596, -3.358779, -0.671756, 0.793893
17:45:26.647 -> 0.026855, 1.010254, -0.120605, -3.297710, -0.610687, 0.916031
17:45:26.647 -> 0.030518, 1.013672, -0.114258, -3.175573, -0.671756, 0.793893
17:45:26.647 -> 0.025391, 1.004639, -0.113281, -3.358779, -0.671756, 0.671756
17:45:26.647 -> 0.027344, 1.006348, -0.120850, -3.541985, -0.671756, 0.854962
17:45:26.698 -> 0.025635, 1.011963, -0.116699, -3.297710, -0.610687, 0.671756
17:45:26.698 -> 0.032959, 1.010010, -0.111084, -3.358779, -0.610687, 0.854962
17:45:26.698 -> 0.029541, 1.007080, -0.121826, -3.236641, -0.549618, 0.732824
17:45:26.698 -> 0.025635, 1.005615, -0.117188, -3.236641, -0.488550, 0.549618
17:45:26.759 -> 0.022461, 1.008545, -0.117432, -3.236641, -0.549618, 0.732824
17:45:26.759 -> 0.026123, 1.012451, -0.122314, -3.358779, -0.610687, 0.793893
17:45:26.759 -> 0.030029, 1.010986, -0.120850, -3.358779, -0.366412, 0.793893
17:45:26.759 -> 0.024414, 1.010010, -0.118652, -3.114504, -0.488550, 0.793893
17:45:26.759 -> 0.029541, 1.009277, -0.118652, -3.175573, -0.732824, 0.732824
17:45:26.818 -> 0.017822, 1.006104, -0.124023, -3.175573, -0.549618, 0.671756
17:45:26.818 -> 0.028809, 1.009033, -0.122803, -3.419847, -0.610687, 0.854962
17:45:26.818 -> 0.030762, 1.005615, -0.118164, -3.053435, -0.732824, 0.854962
17:45:26.818 -> 0.026367, 1.005371, -0.122803, -3.358779, -0.610687, 0.732824
17:45:26.873 -> 0.028809, 1.005615, -0.121338, -2.992366, -0.610687, 0.671756
17:45:26.873 -> 0.026123, 1.007324, -0.128418, -3.053435, -0.610687, 0.793893
17:45:26.873 -> 0.025635, 1.002441, -0.114258, -3.358779, -0.732824, 0.916031
17:45:26.873 -> 0.030762, 1.011230, -0.116211, -3.236641, -0.488550, 0.977099
17:45:26.933 -> 0.025879, 1.005127, -0.116211, -3.175573, -0.671756, 0.793893
17:45:26.933 -> 0.026855, 1.009277, -0.122070, -3.114504, -0.549618, 0.916031
17:45:26.933 -> 0.029541, 1.002930, -0.129883, -3.358779, -0.549618, 0.916031
17:45:26.933 -> 0.028320, 1.012451, -0.122314, -3.236641, -0.671756, 0.732824
17:45:26.933 -> 0.025146, 1.011719, -0.116211, -3.236641, -0.549618, 0.854962
17:45:26.983 -> 0.026367, 1.004639, -0.129883, -3.175573, -0.854962, 0.732824
17:45:26.983 -> 0.028320, 1.008057, -0.122559, -3.358779, -0.793893, 0.610687
17:45:26.983 -> 0.030029, 1.014160, -0.120605, -3.297710, -0.671756, 0.610687
17:45:27.024 -> 0.026855, 1.012207, -0.117188, -3.236641, -0.854962, 0.854962
17:45:27.024 -> 0.025391, 1.004150, -0.123047, -3.236641, -0.610687, 0.854962
17:45:27.024 -> 0.023682, 1.013184, -0.114746, -2.992366, -0.610687, 0.793893
17:45:27.024 -> 0.029541, 1.008057, -0.118652, -3.175573, -0.488550, 0.854962
17:45:27.083 -> 0.020264, 1.008789, -0.131104, -3.236641, -0.549618, 0.671756
17:45:27.083 -> 0.026855, 1.007080, -0.119385, -3.175573, -0.549618, 0.916031
17:45:27.083 -> 0.027344, 1.011230, -0.127686, -3.358779, -0.732824, 0.854962
17:45:27.083 -> 0.021484, 1.006836, -0.119629, -2.992366, -0.671756, 0.854962
17:45:27.146 -> 0.021973, 1.006836, -0.125732, -3.114504, -0.488550, 0.854962
17:45:27.146 -> 0.024170, 1.006348, -0.124756, -3.297710, -0.610687, 0.732824
17:45:27.146 -> 0.028076, 1.010986, -0.120361, -3.358779, -0.549618, 0.793893
17:45:27.146 -> 0.023926, 1.007568, -0.118652, -3.297710, -0.549618, 0.793893
17:45:27.146 -> 0.020264, 1.004883, -0.120605, -3.236641, -0.671756, 0.732824
17:45:27.187 -> 0.031738, 1.005127, -0.123779, -3.297710, -0.488550, 0.732824
17:45:27.187 -> 0.028076, 1.008301, -0.124023, -3.236641, -0.671756, 0.732824
17:45:27.187 -> 0.027588, 1.007080, -0.119385, -3.236641, -0.427481, 0.793893
17:45:27.239 -> 0.027588, 1.000977, -0.127441, -3.053435, -0.610687, 0.977099
17:45:27.239 -> 0.021729, 1.003174, -0.122803, -3.236641, -0.610687, 0.732824
17:45:27.239 -> 0.026123, 1.014160, -0.118652, -3.297710, -0.732824, 0.854962
17:45:27.239 -> 0.022705, 1.012451, -0.117188, -3.114504, -0.671756, 0.793893
17:45:27.293 -> 0.023438, 1.011963, -0.126953, -3.114504, -0.732824, 0.977099
17:45:27.293 -> 0.032715, 1.014648, -0.123535, -3.358779, -0.610687, 0.916031
17:45:27.293 -> 0.026855, 1.010498, -0.131836, -3.419847, -0.488550, 0.854962
17:45:27.293 -> 0.024658, 1.001465, -0.116455, -3.114504, -0.549618, 0.854962
17:45:27.351 -> 0.026855, 1.010498, -0.116455, -3.297710, -0.732824, 0.793893
17:45:27.351 -> 0.032227, 1.007324, -0.115723, -3.358779, -0.610687, 0.916031
17:45:27.351 -> 0.023193, 1.005371, -0.127686, -2.992366, -0.671756, 0.671756
17:45:27.351 -> 0.025635, 1.005127, -0.118652, -3.297710, -0.488550, 0.977099
17:45:27.424 -> 0.029053, 1.013672, -0.114746, -3.297710, -0.366412, 0.610687
17:45:27.424 -> 0.022217, 1.009521, -0.128418, -3.358779, -0.732824, 0.977099
17:45:27.424 -> 0.027588, 1.014160, -0.124756, -3.358779, -0.610687, 0.549618
17:45:27.424 -> 0.020264, 1.007568, -0.118164, -3.297710, -0.610687, 0.916031
17:45:27.424 -> 0.018066, 1.008545, -0.120361, -3.297710, -0.610687, 0.793893
17:45:27.424 -> 0.031006, 1.010254, -0.128662, -3.236641, -0.732824, 0.854962
17:45:27.469 -> 0.030029, 1.009033, -0.124512, -3.297710, -0.610687, 0.793893
17:45:27.469 -> 0.024414, 1.006348, -0.114014, -3.297710, -0.793893, 0.732824
17:45:27.469 -> 0.021729, 1.009033, -0.115234, -3.297710, -0.732824, 0.854962
17:45:27.524 -> 0.027832, 1.007324, -0.121094, -3.236641, -0.916031, 0.732824
17:45:27.524 -> 0.022461, 1.008301, -0.125000, -3.175573, -0.854962, 0.671756
17:45:27.524 -> 0.023926, 1.008301, -0.116211, -3.297710, -0.977099, 0.916031
17:45:27.524 -> 0.024902, 1.011230, -0.124023, -3.175573, -0.671756, 0.671756
17:45:27.563 -> 0.026855, 1.008545, -0.110107, -3.175573, -0.671756, 0.793893
17:45:27.563 -> 0.028564, 1.005127, -0.117676, -3.236641, -0.793893, 0.671756
17:45:27.563 -> 0.026367, 1.005371, -0.118408, -3.297710, -0.671756, 0.610687
17:45:27.610 -> 0.027588, 1.007812, -0.122803, -3.358779, -0.916031, 0.732824
17:45:27.610 -> 0.030273, 1.007812, -0.123047, -3.175573, -0.732824, 0.854962
17:45:27.610 -> 0.030029, 1.005859, -0.116699, -3.114504, -0.916031, 0.671756
17:45:27.610 -> 0.025391, 1.005615, -0.122559, -3.297710, -0.793893, 0.610687
17:45:27.672 -> 0.019775, 1.014404, -0.123291, -3.358779, -0.732824, 0.977099
17:45:27.672 -> 0.029053, 1.007080, -0.115967, -3.358779, -0.671756, 0.793893
17:45:27.672 -> 0.024170, 1.010254, -0.113281, -3.236641, -0.610687, 1.038168
17:45:27.672 -> 0.021729, 1.012695, -0.121826, -3.297710, -0.671756, 0.916031
17:45:27.672 -> 0.027832, 1.011230, -0.127441, -3.297710, -0.854962, 0.854962
17:45:27.744 -> 0.022461, 1.007568, -0.127930, -3.236641, -0.793893, 0.732824
17:45:27.744 -> 0.028564, 1.010986, -0.115967, -3.419847, -0.732824, 0.793893
17:45:27.744 -> 0.025635, 1.012939, -0.119385, -3.297710, -0.671756, 0.854962
17:45:27.744 -> 0.022217, 1.008301, -0.123047, -3.236641, -0.671756, 0.671756
17:45:27.744 -> 0.021729, 1.012451, -0.119629, -3.236641, -0.793893, 0.793893
17:45:27.793 -> 0.023193, 1.014160, -0.117188, -3.236641, -0.732824, 0.854962
17:45:27.793 -> 0.027588, 1.005127, -0.118896, -3.297710, -0.854962, 0.793893
17:45:27.793 -> 0.031738, 1.009033, -0.127441, -3.236641, -0.793893, 0.793893
17:45:27.793 -> 0.028564, 1.008301, -0.121582, -3.358779, -0.671756, 0.793893
17:45:27.831 -> 0.020752, 1.011230, -0.127197, -3.236641, -0.732824, 0.732824
17:45:27.831 -> 0.023682, 1.008545, -0.119873, -3.236641, -0.793893, 0.610687
17:45:27.831 -> 0.029541, 1.003906, -0.111328, -3.480916, -0.549618, 0.854962
17:45:27.865 -> 0.024902, 1.010010, -0.101318, -3.603053, -0.427481, 0.671756
17:45:27.865 -> 0.021729, 1.007568, -0.093750, -3.297710, -0.061069, 0.671756
17:45:27.901 -> 0.023438, 1.012207, -0.080322, -3.297710, 0.183206, 0.610687
17:45:27.901 -> 0.027588, 1.005859, -0.089355, -3.236641, 0.305344, 0.793893
17:45:27.901 -> 0.029297, 1.004395, -0.103760, -3.053435, 0.610687, 0.732824
17:45:27.935 -> 0.023682, 1.004639, -0.102783, -3.053435, 0.549618, 0.610687
17:45:27.935 -> 0.036865, 1.007812, -0.180176, -3.297710, -0.366412, 0.793893
17:45:27.935 -> 0.040283, 0.993896, -0.162109, -3.358779, -0.366412, 0.671756
17:45:27.975 -> 0.022217, 1.006104, -0.198242, -2.442748, -0.427481, 0.854962
17:45:27.975 -> 0.031494, 0.997559, -0.123779, -3.786260, -1.282443, 0.671756
17:45:28.008 -> 0.013916, 1.023193, -0.158691, -4.213740, -1.709924, 0.793893
17:45:28.008 -> 0.030762, 0.997070, -0.158203, -4.030534, -1.465649, 0.854962
17:45:28.008 -> 0.020264, 0.998779, -0.115723, -3.786260, -1.465649, 0.793893
17:45:28.046 -> 0.015137, 1.008301, -0.077637, -2.625954, -2.198473, 0.793893
17:45:28.046 -> 0.042480, 0.993164, -0.107178, -2.564886, -1.709924, 0.916031
17:45:28.046 -> 0.025391, 1.015869, -0.145752, -2.809160, -1.160305, 0.854962
17:45:28.091 -> 0.025391, 1.015381, -0.084717, -3.114504, -1.587786, 0.732824
17:45:28.091 -> 0.028809, 1.012451, -0.136719, -4.030534, -1.709924, 0.854962
17:45:28.091 -> 0.024414, 1.006836, -0.132080, -3.297710, -1.221374, 0.854962
17:45:28.120 -> 0.024414, 1.003906, -0.088379, -2.809160, -1.221374, 0.977099
17:45:28.120 -> 0.021729, 1.013916, -0.129883, -2.931298, -1.587786, 0.854962
17:45:28.120 -> 0.029541, 1.009277, -0.127930, -3.175573, -1.404580, 0.793893
17:45:28.158 -> 0.020508, 1.013428, -0.120117, -3.297710, -1.221374, 0.732824
17:45:28.158 -> 0.028564, 1.009277, -0.095703, -3.908397, -1.648855, 0.854962
17:45:28.158 -> Logging complete.
