17:47:37.179 -> ⸮⸮d1
17:47:37.179 -> 0.035156, 1.007324, -0.122803, -2.992366, -16.977098, 1.038168
17:47:37.179 -> 0.030518, 1.011963, -0.121826, -3.541985, -17.221375, 0.854962
17:47:37.179 -> 0.030029, 1.013184, -0.119629, -3.480916, -17.099237, 0.854962
17:47:37.249 -> 0.032715, 1.005127, -0.132568, -3.297710, -17.282442, 0.916031
17:47:37.249 -> 0.035156, 1.006836, -0.121094, -3.603053, -17.526718, 1.038168
17:47:37.249 -> 0.037354, 1.010742, -0.124756, -3.419847, -17.404581, 0.916031
17:47:37.249 -> 0.033691, 1.014160, -0.128662, -3.480916, -17.465649, 0.854962
17:47:37.249 -> 0.030029, 1.016113, -0.128418, -2.809160, -17.526718, 0.793893
17:47:37.249 -> 0.033691, 1.013672, -0.126221, -3.419847, -17.465649, 0.916031
17:47:37.264 -> 0.035156, 1.013428, -0.116211, -3.603053, -17.648855, 0.793893
17:47:37.297 -> 0.030273, 1.009033, -0.113281, -3.236641, -17.587786, 0.732824
17:47:37.297 -> 0.030273, 1.006592, -0.105957, -3.236641, -17.587786, 0.854962
17:47:37.331 -> 0.039062, 1.004883, -0.114258, -2.748092, -17.343512, 0.916031
17:47:37.331 -> 0.034424, 1.002441, -0.098389, -2.870229, -17.343512, 0.916031
17:47:37.331 -> 0.037109, 1.012939, -0.100830, -3.358779, -16.977098, 0.977099
17:47:37.364 -> 0.031006, 1.010742, -0.091797, -3.603053, -16.732824, 0.854962
17:47:37.364 -> 0.030762, 1.002197, -0.104492, -3.664122, -16.610687, 0.977099
17:47:37.398 -> 0.035156, 1.006836, -0.107422, -3.358779, -16.671755, 0.977099
17:47:37.398 -> 0.033691, 1.009521, -0.112061, -3.114504, -16.305344, 0.671756
17:47:37.398 -> 0.039062, 1.007812, -0.107422, -3.236641, -16.244274, 0.916031
17:47:37.431 -> 0.042480, 1.014648, -0.102783, -3.236641, -16.061069, 0.732824
17:47:37.431 -> 0.023926, 1.006592, -0.089600, -3.175573, -15.938931, 0.854962
17:47:37.464 -> 0.031006, 1.016113, -0.099854, -3.847328, -15.450381, 0.793893
17:47:37.464 -> 0.031250, 1.013428, -0.103271, -3.969466, -15.633588, 1.038168
17:47:37.464 -> 0.028809, 1.004395, -0.107910, -3.358779, -15.450381, 0.977099
17:47:37.498 -> 0.033936, 1.008301, -0.148438, -3.664122, -16.000000, 0.916031
17:47:37.498 -> 0.045410, 1.010498, -0.167236, -3.603053, -15.511451, 0.977099
17:47:37.531 -> 0.031494, 1.005371, -0.157227, -3.969466, -16.183207, 0.732824
17:47:37.531 -> 0.045166, 1.000000, -0.205322, -4.335878, -16.610687, 0.793893
17:47:37.531 -> 0.032959, 1.006104, -0.204102, -3.847328, -17.160305, 0.916031
17:47:37.564 -> 0.037354, 1.007324, -0.211670, -4.030534, -17.893129, 0.671756
17:47:37.564 -> 0.041504, 1.016357, -0.239502, -3.969466, -19.114504, 0.732824
17:47:37.597 -> 0.022705, 1.022461, -0.252686, -3.969466, -20.274809, 0.854962
17:47:37.597 -> 0.040283, 1.014893, -0.286133, -4.213740, -21.190840, 0.549618
17:47:37.597 -> 0.058838, 1.014893, -0.312500, -4.152672, -22.778625, 0.916031
17:47:37.631 -> 0.054443, 1.015869, -0.321533, -4.213740, -24.793894, 0.977099
17:47:37.631 -> 0.044189, 1.005127, -0.307129, -3.541985, -26.259542, 0.793893
17:47:37.664 -> 0.041748, 1.025391, -0.317871, -3.847328, -27.908398, 1.038168
17:47:37.664 -> 0.055664, 0.994385, -0.312500, -3.297710, -29.679390, 1.099237
17:47:37.664 -> 0.071045, 1.019043, -0.305176, -3.664122, -31.022902, 0.977099
17:47:37.698 -> 0.056885, 1.013916, -0.331543, -3.480916, -33.221375, 1.343511
17:47:37.698 -> 0.028564, 1.042236, -0.258057, -3.297710, -34.015266, 1.099237
17:47:37.732 -> 0.063721, 0.992920, -0.308350, -3.847328, -36.519085, 0.977099
17:47:37.732 -> 0.076416, 1.026855, -0.302002, -3.725191, -37.496181, 1.099237
17:47:37.732 -> 0.061768, 0.992920, -0.282227, -4.091603, -39.694656, 1.099237
17:47:37.765 -> 0.067383, 1.019287, -0.285645, -3.114504, -40.549618, 0.977099
17:47:37.765 -> 0.077393, 0.999512, -0.298584, -3.847328, -42.137405, 0.916031
17:47:37.798 -> 0.086426, 1.026611, -0.291260, -3.297710, -43.969467, 0.977099
17:47:37.798 -> 0.088623, 1.000244, -0.274902, -3.419847, -45.129772, 0.977099
17:47:37.798 -> 0.087158, 1.018799, -0.267578, -2.625954, -46.473282, 1.221374
17:47:37.832 -> 0.088135, 0.995117, -0.250977, -3.297710, -48.061069, 1.099237
17:47:37.832 -> 0.093994, 1.016357, -0.253906, -3.236641, -49.343513, 0.977099
17:47:37.832 -> 0.091064, 0.993896, -0.256836, -3.603053, -50.687023, 1.099237
17:47:37.865 -> 0.103027, 1.016846, -0.240234, -3.297710, -51.358780, 1.099237
17:47:37.865 -> 0.099609, 0.995605, -0.247070, -3.358779, -52.824429, 1.038168
17:47:37.957 -> 0.102051, 1.015625, -0.233887, -3.358779, -53.923664, 0.977099
17:47:37.957 -> 0.096191, 1.013428, -0.228027, -3.236641, -54.961834, 1.038168
17:47:37.957 -> 0.107422, 1.006348, -0.235840, -3.480916, -56.061069, 1.160305
17:47:37.957 -> 0.116943, 1.003662, -0.240479, -3.541985, -57.221375, 0.977099
17:47:37.957 -> 0.096680, 1.006592, -0.251709, -3.847328, -58.320610, 1.038168
17:47:37.957 -> 0.116455, 1.002441, -0.225586, -3.175573, -59.480915, 1.221374
17:47:37.957 -> 0.127930, 1.003174, -0.246094, -3.725191, -59.908398, 1.160305
17:47:38.033 -> 0.122314, 1.006836, -0.236084, -3.725191, -61.618320, 0.977099
17:47:38.033 -> 0.133057, 1.007812, -0.248047, -3.114504, -62.473282, 1.038168
17:47:38.033 -> 0.135010, 1.003906, -0.232178, -3.358779, -63.450382, 0.916031
17:47:38.033 -> 0.128418, 1.004395, -0.205322, -2.870229, -64.427483, 1.160305
17:47:38.033 -> 0.137695, 1.015381, -0.189697, -3.236641, -65.221375, 1.099237
17:47:38.033 -> 0.140381, 1.007812, -0.218018, -3.419847, -66.137405, 1.038168
17:47:38.083 -> 0.145020, 1.015381, -0.200195, -3.297710, -67.053436, 0.977099
17:47:38.083 -> 0.140381, 1.004150, -0.194580, -2.931298, -67.725189, 1.221374
17:47:38.083 -> 0.150635, 1.015381, -0.209473, -3.175573, -68.335876, 1.038168
17:47:38.083 -> 0.148438, 1.001221, -0.187744, -2.748092, -68.946564, 1.221374
17:47:38.142 -> 0.147705, 1.005615, -0.182373, -3.175573, -69.923668, 1.160305
17:47:38.142 -> 0.151367, 1.015381, -0.208252, -3.480916, -70.656487, 1.160305
17:47:38.142 -> 0.157227, 1.009521, -0.189941, -3.297710, -71.389313, 1.160305
17:47:38.142 -> 0.162354, 1.005615, -0.190186, -3.358779, -72.000000, 1.099237
17:47:38.219 -> 0.154785, 1.008545, -0.197266, -2.870229, -72.732826, 1.099237
17:47:38.219 -> 0.160889, 1.005615, -0.164307, -2.687023, -73.160309, 1.160305
17:47:38.219 -> 0.161865, 1.011230, -0.170166, -2.870229, -73.954201, 1.160305
17:47:38.219 -> 0.165039, 1.009766, -0.158936, -3.053435, -74.442749, 1.038168
17:47:38.219 -> 0.161377, 1.004639, -0.132568, -2.931298, -74.625954, 1.160305
17:47:38.219 -> 0.167969, 1.007324, -0.134766, -3.358779, -74.687019, 1.221374
17:47:38.270 -> 0.169189, 1.011719, -0.140625, -3.358779, -74.870232, 1.038168
17:47:38.270 -> 0.165039, 1.009277, -0.107178, -2.870229, -75.114502, 1.160305
17:47:38.270 -> 0.164551, 1.008545, -0.109863, -3.053435, -74.931297, 1.221374
17:47:38.270 -> 0.163330, 1.008301, -0.114502, -3.358779, -74.870232, 1.221374
17:47:38.331 -> 0.164551, 0.997803, -0.094238, -3.053435, -74.870232, 1.160305
17:47:38.331 -> 0.157959, 1.015625, -0.090820, -3.236641, -74.381683, 1.282443
17:47:38.331 -> 0.154297, 1.004395, -0.094238, -3.175573, -74.503815, 1.221374
17:47:38.331 -> 0.157227, 1.010254, -0.073486, -2.931298, -74.076340, 1.160305
17:47:38.393 -> 0.162354, 1.006836, -0.069824, -2.992366, -73.648857, 1.099237
17:47:38.393 -> 0.154785, 1.006836, -0.080322, -3.358779, -73.526718, 1.038168
17:47:38.393 -> 0.154297, 1.018311, -0.080811, -3.358779, -73.221375, 1.160305
17:47:38.393 -> 0.150146, 1.006104, -0.076172, -3.297710, -72.916031, 1.160305
17:47:38.393 -> 0.160156, 1.005859, -0.072998, -3.419847, -72.488548, 1.038168
17:47:38.461 -> 0.153320, 1.009766, -0.083252, -3.297710, -72.427483, 1.099237
17:47:38.461 -> 0.145752, 1.002930, -0.076904, -3.480916, -71.938934, 1.221374
17:47:38.461 -> 0.152588, 1.014404, -0.096436, -3.236641, -71.572517, 1.099237
17:47:38.461 -> 0.153809, 1.013184, -0.078125, -3.480916, -71.267174, 1.221374
17:47:38.461 -> 0.151367, 1.003174, -0.086914, -3.419847, -71.083969, 1.099237
17:47:38.501 -> 0.142822, 1.006836, -0.082275, -3.358779, -70.961830, 1.160305
17:47:38.501 -> 0.151123, 1.008545, -0.089355, -3.297710, -70.595421, 1.099237
17:47:38.501 -> 0.143799, 1.010010, -0.080811, -2.992366, -70.351143, 0.977099
17:47:38.562 -> 0.143555, 1.006836, -0.083008, -3.175573, -69.862595, 1.160305
17:47:38.562 -> 0.135498, 1.005371, -0.074219, -3.053435, -69.618324, 0.977099
17:47:38.562 -> 0.142822, 1.004395, -0.081543, -3.114504, -69.312981, 0.977099
17:47:38.562 -> 0.134277, 1.014893, -0.074463, -3.175573, -68.885498, 1.221374
17:47:38.562 -> 0.131592, 1.010742, -0.064209, -2.992366, -68.335876, 1.221374
17:47:38.610 -> 0.138184, 1.003662, -0.063721, -3.236641, -68.030533, 1.038168
17:47:38.610 -> 0.133789, 1.008789, -0.073975, -3.297710, -67.786263, 1.221374
17:47:38.610 -> 0.133301, 1.008057, -0.057373, -3.358779, -67.297707, 1.099237
17:47:38.679 -> 0.133545, 1.004150, -0.069092, -3.297710, -66.809158, 1.160305
17:47:38.679 -> 0.126953, 1.014404, -0.065918, -3.175573, -66.320610, 0.977099
17:47:38.679 -> 0.131592, 1.010498, -0.053711, -3.175573, -65.770996, 1.099237
17:47:38.679 -> 0.120117, 1.013428, -0.057129, -3.358779, -65.099236, 1.160305
17:47:38.679 -> 0.127197, 1.012451, -0.052734, -3.236641, -64.610687, 0.977099
17:47:38.755 -> 0.124023, 1.010742, -0.038574, -3.358779, -64.061066, 0.916031
17:47:38.755 -> 0.123535, 1.012939, -0.027832, -3.114504, -63.389313, 1.160305
17:47:38.755 -> 0.116211, 1.009521, -0.038818, -3.236641, -62.656490, 1.038168
17:47:38.755 -> 0.111084, 1.011719, -0.026855, -3.114504, -61.984734, 1.038168
17:47:38.755 -> 0.110840, 1.005615, -0.026367, -3.114504, -61.251907, 0.977099
17:47:38.755 -> 0.106934, 1.004395, -0.030518, -3.053435, -60.274811, 1.282443
17:47:38.811 -> 0.107422, 1.006348, -0.014648, -3.236641, -59.358780, 0.977099
17:47:38.811 -> 0.102295, 1.012451, 0.025146, -3.175573, -58.320610, 0.977099
17:47:38.811 -> 0.095703, 1.010742, 0.047607, -2.687023, -56.977100, 0.977099
17:47:38.811 -> 0.092773, 1.010498, 0.081787, -2.564886, -55.267178, 1.099237
17:47:38.864 -> 0.083252, 1.002686, 0.125977, -2.625954, -53.129772, 1.160305
17:47:38.864 -> 0.083008, 1.012939, 0.197266, -2.687023, -50.748093, 0.916031
17:47:38.864 -> 0.061523, 1.009277, 0.243164, -2.748092, -47.816795, 1.221374
17:47:38.864 -> 0.053467, 1.008057, 0.316895, -2.748092, -44.091602, 1.221374
17:47:38.933 -> 0.046631, 1.014404, 0.379883, -2.442748, -39.877861, 0.977099
17:47:38.933 -> 0.031250, 1.005371, 0.418945, -2.381679, -35.236641, 0.977099
17:47:38.933 -> 0.018066, 1.002197, 0.474609, -2.259542, -30.290077, 0.793893
17:47:38.933 -> 0.017822, 1.006836, 0.472412, -2.748092, -24.732824, 0.977099
17:47:38.933 -> 0.013184, 1.007568, 0.433105, -3.053435, -19.603054, 0.916031
17:47:38.933 -> 0.013916, 1.010254, 0.389160, -3.175573, -14.656488, 1.038168
17:47:38.977 -> 0.293213, 1.053467, 0.301514, -2.625954, -10.015267, 0.793893
17:47:38.977 -> -0.087891, 1.008057, 0.209717, -3.847328, -7.572519, 0.916031
17:47:38.977 -> 0.053467, 1.000244, -0.015869, -4.030534, -5.496183, 0.916031
17:47:39.027 -> -0.004150, 1.001221, -0.044434, -4.458015, -5.557252, 0.916031
17:47:39.027 -> 0.037354, 1.006592, -0.239502, -4.030534, -5.435114, 0.977099
17:47:39.027 -> -0.008789, 1.007568, -0.243164, -2.015267, -6.473282, 0.671756
17:47:39.027 -> 0.038330, 0.989990, -0.162109, -2.870229, -7.022901, 0.793893
17:47:39.089 -> 0.024902, 1.004395, -0.283691, -4.091603, -9.221375, 0.854962
17:47:39.089 -> 0.010498, 1.012207, -0.213379, -1.709924, -10.259542, 0.916031
17:47:39.089 -> 0.039551, 0.976807, -0.189453, -3.053435, -10.259542, 0.916031
17:47:39.089 -> 0.023682, 1.019287, -0.242920, -2.748092, -11.908397, 0.793893
17:47:39.144 -> 0.017334, 1.015869, -0.153564, -1.954198, -12.519084, 0.854962
17:47:39.144 -> 0.012695, 1.002441, -0.152588, -2.931298, -12.335878, 0.916031
17:47:39.144 -> 0.024902, 1.010742, -0.143799, -2.320611, -13.190840, 0.916031
17:47:39.144 -> 0.025879, 1.002930, -0.066895, -1.832061, -12.885496, 0.671756
17:47:39.144 -> -0.001953, 1.003662, -0.054688, -1.099237, -12.213740, 0.977099
17:47:39.193 -> 3.630371, 0.998047, 0.957031, 15.511451, 104.244278, -4.641222
17:47:39.193 -> 0.220703, 0.268555, 2.077637, 42.870228, 2.870229, 1.954198
17:47:39.193 -> 0.046143, 1.015625, 0.230957, -16.977098, 3.725191, 0.122137
17:47:39.251 -> -0.373779, 0.746094, 1.337158, 8.061069, 7.389313, 1.038168
17:47:39.251 -> -0.427490, 1.112549, -0.861816, -22.412214, 0.122137, -0.122137
17:47:39.251 -> -0.304199, 0.697754, 1.244873, -1.770992, 6.778626, -0.122137
17:47:39.251 -> 0.039307, 1.157715, -1.256348, -19.725191, 0.366412, 0.793893
17:47:39.251 -> -0.057129, 0.945801, 0.569092, -5.923664, -3.236641, 0.793893
17:47:39.319 -> 0.239502, 1.104980, -0.612061, -3.175573, 4.152672, 0.732824
17:47:39.319 -> 0.146973, 0.963867, -0.691895, -6.839694, -4.641222, 1.038168
17:47:39.319 -> -0.072021, 1.024658, -0.378662, -14.961832, -2.809160, 0.305344
17:47:39.319 -> -0.009033, 1.081055, 0.622559, 9.770992, -5.923664, 1.465649
17:47:39.319 -> 0.098877, 0.993652, -0.523438, -2.198473, 1.893130, 0.610687
17:47:39.375 -> 0.055420, 1.076904, -0.307617, -5.679389, -1.648855, 1.038168
17:47:39.375 -> 0.074219, 1.062988, -0.289795, -2.870229, -1.404580, 1.099237
17:47:39.375 -> 0.114746, 1.038818, -0.691406, -6.595420, 1.099237, 0.671756
17:47:39.375 -> 0.000000, 1.021484, -0.137207, -9.038168, -1.221374, 0.854962
17:47:39.418 -> -0.014404, 1.036133, 0.098633, -1.770992, -0.427481, 0.732824
17:47:39.418 -> 0.001953, 0.992188, -0.079834, 0.916031, -0.549618, 0.793893
17:47:39.418 -> 0.033691, 1.002197, -0.215820, -6.167939, -1.404580, 0.977099
17:47:39.459 -> 0.013916, 1.053711, -0.183838, -3.847328, -2.015267, 0.916031
17:47:39.459 -> 0.017822, 1.005859, -0.058838, -2.503817, 0.549618, 0.793893
17:47:39.459 -> 0.021973, 0.981689, -0.063477, -2.198473, -0.671756, 0.671756
17:47:39.497 -> 0.024658, 1.003906, -0.076172, -3.358779, -0.732824, 0.732824
17:47:39.497 -> 0.011475, 1.004883, -0.156738, -3.297710, -0.122137, 0.793893
17:47:39.497 -> 0.021484, 0.994141, -0.155518, -4.030534, -1.038168, 0.793893
17:47:39.523 -> 0.023682, 1.023926, -0.169922, -4.519084, -0.916031, 0.732824
17:47:39.523 -> 0.010498, 1.014160, -0.143799, -3.236641, -0.793893, 0.732824
17:47:39.562 -> 0.021240, 0.995605, -0.108154, -3.114504, -0.671756, 0.732824
17:47:39.562 -> 0.017822, 1.015137, -0.112305, -3.175573, -1.038168, 0.610687
17:47:39.562 -> 0.020996, 1.013672, -0.134033, -3.236641, -0.549618, 0.793893
17:47:39.603 -> 0.007812, 1.013672, -0.134521, -3.480916, -1.526718, 0.732824
17:47:39.603 -> 0.030762, 1.017334, -0.113770, -3.419847, -0.427481, 0.793893
17:47:39.603 -> 0.026855, 1.011963, -0.135986, -3.053435, -0.793893, 0.854962
17:47:39.636 -> 0.012695, 1.010498, -0.118652, -3.053435, -0.916031, 0.732824
17:47:39.636 -> 0.014893, 1.014404, -0.122559, -3.114504, -0.549618, 0.732824
17:47:39.636 -> 0.021973, 1.010010, -0.112549, -3.175573, -0.732824, 0.732824
17:47:39.673 -> 0.019531, 1.012695, -0.109375, -3.175573, -0.671756, 0.732824
17:47:39.673 -> 0.017578, 1.014404, -0.106445, -2.687023, -0.671756, 0.732824
17:47:39.673 -> 0.019043, 1.002686, -0.110107, -2.992366, -0.732824, 0.793893
17:47:39.713 -> 0.017090, 1.009277, -0.126953, -3.114504, -0.549618, 0.732824
17:47:39.713 -> 0.013916, 1.010498, -0.123535, -3.114504, -0.488550, 0.793893
17:47:39.713 -> 0.020996, 1.013428, -0.124023, -3.236641, -0.549618, 0.671756
17:47:39.753 -> 0.018555, 1.010254, -0.125732, -3.053435, -0.488550, 0.793893
17:47:39.753 -> 0.022461, 1.012695, -0.122070, -3.114504, -0.549618, 0.916031
17:47:39.787 -> 0.019043, 1.012451, -0.120361, -3.175573, -0.488550, 0.854962
17:47:39.787 -> 0.025391, 1.011475, -0.115479, -3.358779, -0.549618, 0.916031
17:47:39.787 -> 0.022949, 1.008057, -0.117920, -3.114504, -0.610687, 0.793893
17:47:39.826 -> 0.018066, 1.010010, -0.128906, -3.236641, -0.671756, 0.610687
17:47:39.826 -> 0.019287, 1.009277, -0.123047, -3.297710, -0.610687, 0.488550
17:47:39.826 -> 0.017090, 1.012939, -0.116699, -3.297710, -0.488550, 0.854962
17:47:39.865 -> 0.017334, 1.006348, -0.108643, -3.358779, -0.854962, 0.854962
17:47:39.865 -> 0.021729, 1.013428, -0.118164, -3.358779, -0.549618, 0.610687
17:47:39.865 -> 0.028320, 1.015381, -0.114990, -3.358779, -0.549618, 0.793893
17:47:39.894 -> 0.025879, 1.008545, -0.116943, -3.480916, -0.549618, 0.854962
17:47:39.894 -> 0.015625, 1.013672, -0.117920, -3.664122, -0.610687, 0.671756
17:47:39.926 -> 0.022949, 1.012451, -0.118896, -3.358779, -0.793893, 0.671756
17:47:39.926 -> 0.027100, 1.008057, -0.116943, -3.480916, -0.549618, 0.977099
17:47:39.926 -> 0.015381, 1.005371, -0.113770, -3.480916, -0.610687, 0.732824
17:47:39.953 -> 0.018066, 1.009277, -0.119385, -3.419847, -0.610687, 0.977099
17:47:39.953 -> 0.021729, 1.004639, -0.113770, -3.419847, -0.793893, 0.610687
17:47:39.984 -> 0.025879, 1.011475, -0.120605, -3.236641, -0.732824, 0.793893
17:47:39.984 -> 0.020264, 1.011719, -0.123535, -3.419847, -0.488550, 0.854962
17:47:40.018 -> 0.020020, 1.014404, -0.111084, -3.419847, -0.610687, 0.732824
17:47:40.018 -> 0.021484, 1.002930, -0.110840, -3.419847, -0.610687, 0.854962
17:47:40.018 -> 0.020508, 1.004150, -0.112305, -3.297710, -0.610687, 0.732824
17:47:40.053 -> 0.019775, 1.008545, -0.130127, -3.297710, -0.610687, 0.793893
17:47:40.053 -> 0.017090, 1.009766, -0.116211, -3.175573, -0.671756, 0.793893
17:47:40.088 -> 0.017334, 1.011719, -0.129395, -3.114504, -0.610687, 0.916031
17:47:40.088 -> 0.018799, 1.015625, -0.129150, -3.236641, -0.732824, 0.793893
17:47:40.088 -> 0.023438, 1.006348, -0.123779, -3.175573, -0.549618, 0.793893
17:47:40.129 -> 0.021484, 1.007812, -0.126221, -2.992366, -0.488550, 0.732824
17:47:40.129 -> 0.013672, 1.012207, -0.115234, -3.236641, -0.610687, 0.793893
17:47:40.129 -> 0.022217, 1.008545, -0.128174, -2.992366, -0.610687, 0.793893
17:47:40.174 -> 0.019287, 1.016602, -0.119141, -2.931298, -0.671756, 0.793893
17:47:40.174 -> Logging complete.

17:48:49.642 -> timestamp, ax, ay, az, gx, gy, gz
17:48:49.642 -> 0.028809, 1.005127, -0.122070, -3.358779, -0.793893, 0.793893
17:48:49.676 -> 0.028076, 1.008545, -0.117676, -3.175573, -0.549618, 0.916031
17:48:49.676 -> 0.029785, 1.009766, -0.120117, -3.297710, -0.671756, 0.793893
17:48:49.676 -> 0.027344, 1.009766, -0.119141, -3.419847, -0.427481, 0.916031
17:48:49.709 -> 0.022217, 1.005615, -0.108643, -3.236641, -0.610687, 0.854962
17:48:49.709 -> 0.023926, 1.006592, -0.113525, -3.358779, -0.610687, 0.793893
17:48:49.742 -> 0.020996, 1.006592, -0.120117, -3.114504, -0.732824, 0.732824
17:48:49.742 -> 0.029297, 1.010498, -0.117432, -3.358779, -0.488550, 0.732824
17:48:49.742 -> 0.018555, 1.003662, -0.119385, -3.236641, -0.549618, 0.854962
17:48:49.775 -> 0.027588, 1.010010, -0.119629, -3.358779, -0.610687, 0.732824
17:48:49.775 -> 0.025635, 1.012207, -0.117920, -3.175573, -0.671756, 0.732824
17:48:49.809 -> 0.027588, 1.008057, -0.122070, -3.175573, -0.732824, 0.671756
17:48:49.809 -> 0.027832, 1.007812, -0.120361, -3.297710, -0.793893, 0.916031
17:48:49.809 -> 0.031494, 1.009033, -0.117188, -3.297710, -0.488550, 0.854962
17:48:49.842 -> 0.028076, 1.004883, -0.112061, -3.297710, -0.549618, 0.854962
17:48:49.842 -> 0.025391, 1.011475, -0.116943, -3.175573, -0.610687, 0.793893
17:48:49.875 -> 0.019043, 1.005371, -0.125244, -3.358779, -0.732824, 0.732824
17:48:49.875 -> 0.028076, 1.010986, -0.121582, -3.236641, -0.671756, 0.793893
17:48:49.875 -> 0.030518, 1.005859, -0.126709, -3.236641, -0.610687, 0.793893
17:48:49.908 -> 0.026855, 1.004883, -0.114990, -3.175573, -0.671756, 0.732824
17:48:49.908 -> 0.028564, 1.010254, -0.119873, -3.175573, -0.610687, 0.854962
17:48:49.942 -> 0.029785, 1.006104, -0.113770, -3.114504, -0.488550, 0.793893
17:48:49.942 -> 0.033936, 1.007568, -0.109375, -3.236641, -0.610687, 0.732824
17:48:49.942 -> 0.029541, 1.003662, -0.112793, -3.297710, -0.610687, 0.854962
17:48:49.975 -> 0.026855, 1.009277, -0.114990, -3.114504, -0.732824, 0.732824
17:48:49.975 -> 0.021484, 1.006348, -0.124512, -3.236641, -0.610687, 0.793893
17:48:49.975 -> 0.026611, 1.010010, -0.119385, -3.297710, -0.549618, 0.671756
17:48:50.008 -> 0.029053, 1.008545, -0.109619, -3.236641, -0.549618, 0.916031
17:48:50.008 -> 0.024170, 1.007568, -0.115234, -3.358779, -0.671756, 0.732824
17:48:50.041 -> 0.024170, 1.007568, -0.115723, -3.358779, -0.610687, 0.854962
17:48:50.041 -> 0.027344, 1.007568, -0.111084, -3.236641, -0.732824, 0.671756
17:48:50.041 -> 0.026367, 1.008545, -0.111816, -3.236641, -0.610687, 0.916031
17:48:50.075 -> 0.029297, 1.010742, -0.119873, -3.236641, -0.610687, 0.732824
17:48:50.075 -> 0.036133, 1.014160, -0.111572, -3.175573, -0.793893, 0.916031
17:48:50.108 -> 0.030273, 1.009766, -0.121582, -3.297710, -0.671756, 0.732824
17:48:50.108 -> 0.027344, 1.010254, -0.121826, -3.297710, -0.488550, 0.793893
17:48:50.108 -> 0.043945, 0.969727, -0.111084, -3.603053, -0.427481, 0.610687
17:48:50.141 -> 0.040527, 1.019287, -0.151611, -3.664122, -2.259542, 0.793893
17:48:50.141 -> 0.020996, 0.987793, -0.157227, -3.236641, -2.381679, 0.793893
17:48:50.174 -> 0.019531, 1.021484, -0.308350, -4.335878, -3.847328, 0.854962
17:48:50.174 -> 0.057861, 1.001709, -0.520752, -6.534351, -6.534351, 0.793893
17:48:50.174 -> 0.072266, 0.991211, -0.541504, -5.801527, -9.465649, 0.732824
17:48:50.208 -> 0.041016, 0.997070, -0.297363, -4.641222, -12.213740, 0.854962
17:48:50.208 -> 0.010254, 0.974365, -0.667480, -4.152672, -16.977098, 0.854962
17:48:50.241 -> 0.055176, 1.000732, -0.530029, -0.305344, -21.435114, 1.099237
17:48:50.241 -> 0.089355, 1.046875, -0.508057, -3.053435, -23.633589, 0.854962
17:48:50.241 -> 0.022705, 1.028564, -0.668945, -5.374046, -28.091602, 0.977099
17:48:50.274 -> 0.083496, 1.003174, -0.588379, -4.396946, -32.977100, 0.916031
17:48:50.274 -> 0.073730, 1.009033, -0.559570, -4.885496, -36.702290, 1.038168
17:48:50.307 -> 0.084717, 1.005371, -0.574219, -4.030534, -40.488548, 1.038168
17:48:50.307 -> 0.083252, 0.989990, -0.546875, -1.099237, -44.396946, 1.343511
17:48:50.307 -> 0.110596, 1.003174, -0.482422, -3.236641, -48.732826, 1.038168
17:48:50.340 -> 0.110352, 1.027344, -0.506348, -3.541985, -51.175571, 1.099237
17:48:50.340 -> 0.112793, 0.998779, -0.465820, -3.419847, -54.778625, 1.038168
17:48:50.373 -> 0.122559, 0.946777, -0.360352, -4.335878, -57.954197, 1.526718
17:48:50.373 -> 0.117676, 1.056885, -0.420898, -5.923664, -60.030533, 1.099237
17:48:50.373 -> 0.116699, 1.000732, -0.339355, -3.541985, -62.717556, 1.282443
17:48:50.458 -> 0.141113, 1.027832, -0.311523, -2.259542, -64.671753, 0.977099
17:48:50.458 -> 0.141113, 1.021240, -0.355469, -2.992366, -66.442749, 0.977099
17:48:50.458 -> 0.171387, 0.978760, -0.290039, -3.297710, -68.152672, 1.221374
17:48:50.458 -> 0.140625, 1.023438, -0.271729, -3.664122, -70.045799, 1.038168
17:48:50.458 -> 0.171631, 1.003662, -0.239502, -3.541985, -71.022903, 0.916031
17:48:50.458 -> 0.162354, 1.000488, -0.262939, -3.358779, -72.793892, 1.038168
17:48:50.510 -> 0.173340, 1.021484, -0.247803, -3.175573, -74.137405, 0.916031
17:48:50.510 -> 0.153564, 1.009277, -0.271240, -3.175573, -75.480919, 1.038168
17:48:50.510 -> 0.193848, 1.013672, -0.246338, -3.541985, -76.702293, 1.038168
17:48:50.510 -> 0.174316, 0.996338, -0.267578, -3.847328, -77.801529, 1.160305
17:48:50.566 -> 0.203125, 1.014404, -0.248779, -3.908397, -79.389313, 1.160305
17:48:50.566 -> 0.190918, 0.995850, -0.215088, -3.053435, -80.366409, 1.099237
17:48:50.566 -> 0.201660, 1.016113, -0.222900, -2.809160, -81.404579, 1.160305
17:48:50.566 -> 0.200928, 0.984863, -0.225586, -2.931298, -82.687027, 1.221374
17:48:50.625 -> 0.220215, 1.021484, -0.226318, -3.541985, -83.419846, 1.221374
17:48:50.625 -> 0.195801, 1.000488, -0.223877, -3.419847, -84.335876, 1.099237
17:48:50.625 -> 0.237061, 1.018066, -0.203369, -3.480916, -85.251907, 1.099237
17:48:50.625 -> 0.199951, 0.990967, -0.231445, -2.870229, -86.229012, 1.160305
17:48:50.625 -> 0.225586, 1.019531, -0.187500, -2.809160, -87.389313, 1.160305
17:48:50.678 -> 0.221680, 0.998779, -0.193604, -3.236641, -87.572517, 1.099237
17:48:50.678 -> 0.215088, 1.028320, -0.166260, -3.603053, -88.671753, 1.160305
17:48:50.678 -> 0.227783, 0.997070, -0.148682, -3.603053, -88.854965, 1.038168
17:48:50.678 -> 0.224609, 1.019531, -0.159912, -3.236641, -89.099236, 1.160305
17:48:50.736 -> 0.237061, 1.001221, -0.125000, -2.809160, -89.526718, 1.160305
17:48:50.736 -> 0.230957, 1.014160, -0.124756, -2.442748, -89.709923, 1.221374
17:48:50.736 -> 0.225830, 1.011963, -0.126953, -2.870229, -89.832062, 1.160305
17:48:50.736 -> 0.229980, 1.003662, -0.112305, -3.236641, -89.954201, 1.099237
17:48:50.776 -> 0.227783, 1.020264, -0.101318, -3.297710, -90.076340, 1.038168
17:48:50.776 -> 0.231201, 0.997314, -0.099854, -3.053435, -89.893127, 1.099237
17:48:50.776 -> 0.222656, 1.009033, -0.092773, -2.748092, -89.526718, 1.038168
17:48:50.828 -> 0.232666, 1.004639, -0.072266, -2.381679, -89.832062, 1.099237
17:48:50.828 -> 0.229980, 1.006836, -0.074707, -2.625954, -89.221375, 1.282443
17:48:50.828 -> 0.217529, 1.010254, -0.067383, -2.931298, -88.916031, 0.977099
17:48:50.828 -> 0.216797, 1.010010, -0.075928, -3.114504, -88.427483, 1.038168
17:48:50.884 -> 0.218506, 1.011475, -0.067383, -2.748092, -88.061066, 1.282443
17:48:50.884 -> 0.215576, 1.007080, -0.040039, -2.687023, -87.572517, 1.099237
17:48:50.884 -> 0.218018, 1.003418, -0.043213, -2.442748, -86.961830, 1.160305
17:48:50.884 -> 0.209229, 1.017822, -0.044189, -2.503817, -86.717560, 1.160305
17:48:50.942 -> 0.210693, 1.002441, -0.072754, -3.297710, -86.412216, 1.099237
17:48:50.942 -> 0.206543, 1.006592, -0.047607, -3.297710, -85.923668, 1.282443
17:48:50.942 -> 0.204834, 1.013672, -0.051025, -3.297710, -85.251907, 1.099237
17:48:50.942 -> 0.205078, 0.995361, -0.063477, -3.114504, -84.824425, 1.160305
17:48:50.942 -> 0.213135, 1.008545, -0.059814, -2.809160, -84.335876, 1.099237
17:48:50.979 -> 0.197754, 1.013672, -0.057373, -3.175573, -84.030533, 1.099237
17:48:50.979 -> 0.197266, 1.004150, -0.066650, -3.297710, -83.603050, 1.343511
17:48:51.029 -> 0.198975, 1.013672, -0.054688, -3.664122, -83.053436, 1.282443
17:48:51.029 -> 0.193115, 1.001709, -0.068115, -3.786260, -82.625954, 1.160305
17:48:51.029 -> 0.186035, 1.005615, -0.051514, -3.480916, -82.076340, 1.160305
17:48:51.029 -> 0.193115, 1.009521, -0.054443, -3.236641, -81.404579, 1.221374
17:48:51.075 -> 0.185303, 1.008301, -0.048828, -3.175573, -80.977097, 1.099237
17:48:51.075 -> 0.181152, 1.004883, -0.050781, -3.297710, -80.427483, 1.099237
17:48:51.075 -> 0.179932, 1.007568, -0.049072, -3.297710, -79.816795, 1.282443
17:48:51.075 -> 0.181641, 1.010010, -0.050049, -3.603053, -79.267174, 1.160305
17:48:51.122 -> 0.177002, 1.007568, -0.048096, -3.236641, -78.656487, 1.038168
17:48:51.122 -> 0.166748, 1.014160, -0.049561, -3.114504, -77.984734, 1.221374
17:48:51.122 -> 0.172852, 1.009277, -0.055176, -3.358779, -77.374046, 1.282443
17:48:51.176 -> 0.162354, 1.014160, -0.049072, -3.541985, -76.763359, 1.221374
17:48:51.176 -> 0.162354, 1.006348, -0.040527, -3.480916, -76.213737, 1.099237
17:48:51.176 -> 0.164062, 1.003174, -0.044189, -3.480916, -75.541985, 1.404580
17:48:51.176 -> 0.161621, 1.011963, -0.056152, -3.297710, -74.870232, 0.977099
17:48:51.233 -> 0.155518, 1.001953, -0.037842, -3.480916, -74.198471, 1.099237
17:48:51.233 -> 0.160889, 1.006104, -0.044678, -3.603053, -73.770996, 0.977099
17:48:51.233 -> 0.154541, 1.004883, -0.045898, -3.603053, -73.099236, 1.038168
17:48:51.233 -> 0.150879, 1.007568, -0.024658, -3.419847, -72.427483, 1.038168
17:48:51.285 -> 0.144287, 1.011963, -0.018799, -3.053435, -71.511452, 1.099237
17:48:51.285 -> 0.145752, 0.999268, -0.018555, -2.687023, -70.595421, 1.038168
17:48:51.285 -> 0.132080, 1.007080, 0.010742, -3.114504, -69.740456, 1.038168
17:48:51.285 -> 0.131836, 1.003174, 0.021973, -2.687023, -68.519081, 1.038168
17:48:51.364 -> 0.138672, 1.008545, 0.034424, -3.114504, -67.297707, 1.099237
17:48:51.364 -> 0.125488, 1.001709, 0.074951, -2.809160, -65.587784, 1.099237
17:48:51.364 -> 0.113770, 1.001221, 0.110352, -2.320611, -63.694656, 1.221374
17:48:51.364 -> 0.105713, 1.012207, 0.153564, -2.137405, -61.374046, 0.916031
17:48:51.364 -> 0.096924, 1.005371, 0.210938, -2.076336, -58.748093, 1.099237
17:48:51.364 -> 0.086182, 1.005127, 0.301514, -1.893130, -55.267178, 1.038168
17:48:51.443 -> 0.071533, 1.004639, 0.393066, -1.893130, -51.175571, 1.038168
17:48:51.443 -> 0.057129, 1.012207, 0.476807, -2.015267, -46.045803, 0.977099
17:48:51.443 -> 0.029541, 1.008057, 0.577148, -1.893130, -39.938931, 0.977099
17:48:51.443 -> 0.024170, 1.012695, 0.618408, -2.015267, -33.709923, 0.977099
17:48:51.443 -> 0.015869, 1.012939, 0.595947, -2.564886, -27.114504, 1.038168
17:48:51.443 -> 0.012695, 0.998047, 0.523438, -3.908397, -21.190840, 1.038168
17:48:51.515 -> 0.003662, 1.015381, 0.453857, -4.763359, -15.633588, 0.977099
17:48:51.515 -> 0.213623, 1.013184, 0.337402, -2.687023, -10.992367, 0.977099
17:48:51.515 -> -0.079590, 0.981445, 0.230713, -2.992366, -7.877862, 0.793893
17:48:51.515 -> 0.057129, 1.012207, 0.084229, -2.809160, -5.129771, 0.732824
17:48:51.515 -> 0.000000, 1.014160, 0.037354, -3.786260, -3.908397, 0.977099
17:48:51.515 -> 0.020752, 1.015625, -0.100342, -4.335878, -3.297710, 0.793893
17:48:51.545 -> 0.027100, 1.024414, -0.123535, -3.236641, -2.870229, 0.732824
17:48:51.545 -> 0.018066, 1.019775, -0.262695, -4.030534, -3.786260, 0.793893
17:48:51.606 -> 0.052734, 1.011719, -0.261963, -4.641222, -4.335878, 0.854962
17:48:51.606 -> 0.018066, 1.007568, -0.286133, -4.274809, -6.106870, 0.793893
17:48:51.606 -> 0.045166, 1.011719, -0.270996, -3.541985, -6.412214, 0.916031
17:48:51.606 -> 0.012451, 1.000732, -0.172119, -3.175573, -8.305344, 0.916031
17:48:51.606 -> 0.025146, 1.018311, -0.263916, -5.007634, -8.854961, 0.671756
17:48:51.670 -> 0.027100, 1.002930, -0.278076, -5.068702, -10.442748, 0.732824
17:48:51.670 -> 0.028564, 1.001221, -0.231445, -4.213740, -11.236641, 0.854962
17:48:51.670 -> 0.031982, 0.997314, -0.188721, -3.725191, -12.396947, 0.793893
17:48:51.670 -> 0.030518, 0.999512, -0.189453, -2.809160, -12.885496, 0.977099
17:48:51.740 -> 0.018555, 1.010254, -0.076172, -1.954198, -12.824428, 0.854962
17:48:51.740 -> 0.025146, 1.015381, -0.011963, -2.381679, -12.458015, 0.854962
17:48:51.740 -> 0.035400, 1.001953, -0.034668, -3.175573, -11.664123, 0.854962
17:48:51.740 -> 0.342773, 0.567383, 0.240723, -4.396946, -9.526717, 1.221374
17:48:51.740 -> -0.131104, 0.072021, 2.265137, -28.030535, 1.648855, -1.893130
17:48:51.740 -> 0.336914, 1.294678, -0.458740, -8.793893, 0.732824, 0.854962
17:48:51.800 -> -0.132812, 0.385010, 1.239502, 2.564886, 7.938931, -1.038168
17:48:51.800 -> 0.234375, 1.118408, -1.385498, -14.167939, 7.572519, 0.427481
17:48:51.800 -> 0.260498, 1.138672, -1.039795, -13.801527, 1.832061, 0.916031
17:48:51.800 -> -0.012939, 0.666260, 1.412354, 1.587786, 2.748092, -0.122137
17:48:51.841 -> 0.181396, 1.059326, -0.102295, 0.977099, 0.549618, 0.610687
17:48:51.841 -> 0.058594, 1.163574, -1.024414, 4.580153, -6.412214, 1.099237
17:48:51.841 -> 0.051025, 1.014160, -0.051514, 1.832061, -1.282443, 0.488550
17:48:51.882 -> -0.027100, 1.056641, 0.198730, 5.068702, -6.045802, 1.221374
17:48:51.882 -> -0.049805, 1.002930, -0.256348, -10.687023, 0.610687, 0.000000
17:48:51.882 -> -0.005371, 0.913086, 0.463135, -2.809160, 1.038168, 0.549618
17:48:51.882 -> 0.020996, 1.091797, -0.205811, 2.259542, -0.793893, 0.610687
17:48:51.924 -> -0.071777, 0.768799, 0.570557, 4.030534, 0.916031, 0.488550
17:48:51.924 -> 0.006836, 0.966064, 0.120117, 0.427481, 0.427481, 0.671756
17:48:51.924 -> -0.030273, 0.999268, -0.210693, -2.931298, -3.297710, 0.916031
17:48:51.971 -> -0.007812, 1.051758, -0.027100, -0.671756, -1.954198, 1.099237
17:48:51.971 -> 0.005371, 0.975098, -0.031006, -1.221374, -0.122137, 0.732824
17:48:51.971 -> -0.013428, 0.971680, 0.097412, -0.549618, 0.854962, 0.793893
17:48:52.010 -> 0.020264, 0.989014, -0.052734, -1.526718, 0.061069, 0.793893
17:48:52.010 -> 0.029297, 0.988281, -0.098877, -3.358779, -1.587786, 0.854962
17:48:52.010 -> 0.018555, 1.025391, -0.207520, -4.213740, -0.610687, 0.793893
17:48:52.044 -> 0.026123, 1.016602, -0.180176, -3.480916, -0.366412, 0.793893
17:48:52.044 -> 0.028564, 1.031982, -0.175049, -3.847328, -1.160305, 0.854962
17:48:52.044 -> 0.013916, 1.006348, -0.067627, -2.931298, -0.854962, 0.671756
17:48:52.084 -> 0.021240, 1.016846, -0.124268, -2.748092, -0.732824, 0.854962
17:48:52.084 -> 0.017090, 1.007080, -0.121582, -3.297710, -0.977099, 0.793893
17:48:52.084 -> 0.022461, 1.009766, -0.130371, -4.641222, -0.732824, 0.671756
17:48:52.122 -> 0.009766, 1.012939, -0.140625, -4.458015, -1.160305, 0.854962
17:48:52.122 -> 0.010498, 1.014893, -0.090088, -2.870229, -0.854962, 0.732824
17:48:52.122 -> 0.021973, 1.014160, -0.134033, -4.030534, -0.671756, 0.916031
17:48:52.162 -> 0.016357, 1.000977, -0.068848, -3.541985, -0.793893, 0.793893
17:48:52.162 -> 0.024658, 0.997803, -0.104492, -3.541985, -0.427481, 0.671756
17:48:52.162 -> 0.024902, 1.009766, -0.136230, -4.091603, -0.671756, 0.916031
17:48:52.197 -> 0.023682, 1.001221, -0.113037, -4.335878, -0.671756, 0.610687
17:48:52.215 -> 0.015625, 1.013184, -0.137939, -3.908397, -0.793893, 0.854962
17:48:52.252 -> 0.021240, 1.012207, -0.123535, -3.358779, -0.671756, 0.732824
17:48:52.252 -> 0.018799, 1.017334, -0.137939, -3.847328, -0.610687, 0.671756
17:48:52.252 -> 0.022461, 1.007080, -0.123535, -3.664122, -0.610687, 0.854962
17:48:52.252 -> 0.022217, 1.005127, -0.112549, -3.358779, -0.732824, 0.671756
17:48:52.288 -> 0.019287, 1.008057, -0.142334, -3.603053, -0.488550, 0.671756
17:48:52.288 -> 0.012939, 1.008545, -0.125000, -3.908397, -0.671756, 0.671756
17:48:52.288 -> 0.020264, 1.008789, -0.114014, -3.480916, -0.671756, 0.732824
17:48:52.318 -> 0.024414, 1.013184, -0.123291, -3.297710, -0.732824, 0.854962
17:48:52.318 -> 0.018799, 1.013672, -0.110596, -3.480916, -0.671756, 0.793893
17:48:52.352 -> 0.017822, 1.009033, -0.122314, -3.419847, -0.549618, 0.916031
17:48:52.352 -> 0.013672, 1.007080, -0.103027, -3.053435, -0.671756, 0.793893
17:48:52.352 -> 0.024170, 1.008301, -0.122314, -3.175573, -0.793893, 0.793893
17:48:52.388 -> 0.019043, 1.008301, -0.133545, -3.358779, -0.610687, 0.732824
17:48:52.388 -> 0.019775, 1.007812, -0.112061, -3.053435, -0.610687, 0.854962
17:48:52.388 -> 0.019531, 1.007080, -0.118896, -3.053435, -0.610687, 0.793893
17:48:52.432 -> 0.020508, 1.009766, -0.127197, -3.114504, -0.610687, 0.732824
17:48:52.432 -> 0.020752, 1.004883, -0.118408, -3.175573, -0.671756, 0.793893
17:48:52.432 -> 0.015625, 1.006348, -0.119385, -2.931298, -0.549618, 0.793893
17:48:52.472 -> 0.021729, 1.009521, -0.112793, -3.114504, -0.549618, 0.854962
17:48:52.472 -> 0.019531, 1.007324, -0.119385, -3.053435, -0.610687, 0.854962
17:48:52.472 -> 0.019287, 1.010010, -0.110352, -2.870229, -0.732824, 0.793893
17:48:52.509 -> 0.015869, 1.010498, -0.127686, -3.053435, -0.488550, 0.854962
17:48:52.509 -> 0.024902, 1.010254, -0.131836, -2.992366, -0.427481, 0.671756
17:48:52.509 -> 0.019775, 1.006104, -0.111084, -2.931298, -0.488550, 0.732824
17:48:52.547 -> 0.016357, 1.001953, -0.119141, -2.809160, -0.610687, 0.854962
17:48:52.547 -> 0.020508, 1.013428, -0.127930, -2.992366, -0.549618, 0.671756
17:48:52.547 -> 0.013672, 1.007324, -0.120605, -2.992366, -0.488550, 0.916031
17:48:52.577 -> 0.021729, 1.006836, -0.119141, -2.992366, -0.671756, 0.793893
17:48:52.577 -> 0.023926, 1.005371, -0.120361, -2.931298, -0.732824, 0.977099
17:48:52.609 -> 0.018799, 1.007812, -0.130127, -3.114504, -0.610687, 0.793893
17:48:52.609 -> 0.021240, 1.009766, -0.123535, -3.053435, -0.610687, 0.854962
17:48:52.609 -> 0.018311, 1.010742, -0.107666, -2.992366, -0.671756, 0.916031
17:48:52.639 -> 0.017578, 1.010498, -0.120850, -3.114504, -0.671756, 0.732824
17:48:52.639 -> 0.019043, 1.014160, -0.121094, -3.175573, -0.488550, 0.732824
17:48:52.674 -> Logging complete.

17:50:20.075 -> timestamp, ax, ay, az, gx, gy, gz
17:50:20.075 -> 0.073486, 1.013916, -0.209473, -3.969466, -41.465649, 0.977099
17:50:20.075 -> 0.076172, 1.002686, -0.192383, -3.480916, -42.259541, 0.916031
17:50:20.075 -> 0.068604, 1.016113, -0.199707, -2.564886, -42.870228, 0.854962
17:50:20.109 -> 0.081787, 1.001953, -0.176514, -2.687023, -43.664124, 0.854962
17:50:20.109 -> 0.081787, 1.014160, -0.168457, -3.297710, -44.458015, 1.038168
17:50:20.141 -> 0.074219, 1.011719, -0.170166, -3.541985, -44.641220, 0.916031
17:50:20.141 -> 0.077393, 1.009766, -0.155273, -3.725191, -45.007633, 1.099237
17:50:20.141 -> 0.072021, 1.010986, -0.164307, -3.419847, -45.312977, 1.038168
17:50:20.175 -> 0.082520, 1.009766, -0.156250, -3.541985, -45.923664, 0.916031
17:50:20.175 -> 0.087158, 1.002930, -0.149170, -3.114504, -46.229008, 1.038168
17:50:20.208 -> 0.078857, 1.010498, -0.144531, -3.358779, -46.473282, 0.916031
17:50:20.208 -> 0.082275, 1.001221, -0.142090, -3.419847, -46.717556, 0.977099
17:50:20.208 -> 0.086670, 1.011475, -0.125732, -3.236641, -46.900764, 0.854962
17:50:20.241 -> 0.080566, 1.009521, -0.129150, -3.175573, -47.083969, 1.160305
17:50:20.241 -> 0.094238, 1.006592, -0.128906, -3.236641, -47.328243, 0.854962
17:50:20.274 -> 0.067627, 1.011963, -0.145508, -3.236641, -47.511452, 0.854962
17:50:20.274 -> 0.088135, 1.000977, -0.131836, -3.236641, -47.694656, 0.854962
17:50:20.274 -> 0.075684, 1.017090, -0.164307, -3.236641, -47.938931, 1.099237
17:50:20.307 -> 0.096436, 1.004150, -0.124512, -2.992366, -48.122139, 0.854962
17:50:20.307 -> 0.073242, 1.009277, -0.145264, -2.809160, -48.061069, 0.977099
17:50:20.340 -> 0.098633, 1.003418, -0.117920, -2.992366, -48.549618, 0.916031
17:50:20.340 -> 0.078125, 1.012207, -0.135742, -2.931298, -48.732826, 1.038168
17:50:20.340 -> 0.103760, 1.008545, -0.115967, -3.114504, -48.916031, 1.038168
17:50:20.373 -> 0.077881, 0.984131, -0.130371, -3.541985, -49.343513, 0.977099
17:50:20.373 -> 0.111572, 1.032471, -0.122314, -3.664122, -49.282444, 0.977099
17:50:20.407 -> 0.072266, 0.987793, -0.156982, -3.725191, -49.587788, 0.916031
17:50:20.407 -> 0.107422, 1.037109, -0.159180, -3.114504, -50.137405, 0.854962
17:50:20.407 -> 0.087646, 0.984375, -0.134766, -3.053435, -50.198475, 1.038168
17:50:20.440 -> 0.081543, 1.037109, -0.147949, -2.809160, -51.236641, 1.160305
17:50:20.440 -> 0.087158, 1.001709, -0.161621, -3.358779, -51.236641, 0.916031
17:50:20.473 -> 0.096436, 1.012451, -0.151855, -3.236641, -51.480915, 1.099237
17:50:20.473 -> 0.090332, 1.018555, -0.174072, -3.541985, -51.969467, 0.916031
17:50:20.473 -> 0.094971, 1.003174, -0.163086, -3.419847, -52.580154, 0.854962
17:50:20.506 -> 0.096924, 1.011719, -0.164062, -2.870229, -52.641220, 1.038168
17:50:20.506 -> 0.090820, 1.007324, -0.156494, -2.931298, -53.068703, 1.038168
17:50:20.539 -> 0.102539, 1.015137, -0.147705, -3.236641, -53.740459, 0.977099
17:50:20.539 -> 0.098145, 1.005859, -0.163818, -3.541985, -53.862595, 1.038168
17:50:20.539 -> 0.105225, 1.021484, -0.125000, -3.786260, -54.045803, 0.916031
17:50:20.572 -> 0.089111, 1.002441, -0.143555, -3.419847, -54.595421, 1.038168
17:50:20.572 -> 0.116943, 1.004639, -0.135742, -3.664122, -54.717556, 0.916031
17:50:20.605 -> 0.098877, 1.021484, -0.135498, -3.236641, -55.022900, 0.916031
17:50:20.605 -> 0.095215, 1.009277, -0.124268, -3.114504, -55.328243, 0.977099
17:50:20.605 -> 0.112793, 1.011719, -0.161377, -3.664122, -55.389313, 0.916031
17:50:20.639 -> 0.089844, 1.000732, -0.136230, -3.236641, -55.816795, 0.977099
17:50:20.639 -> 0.109131, 1.011719, -0.115479, -2.870229, -55.694656, 1.038168
17:50:20.672 -> 0.106445, 1.004150, -0.153076, -3.114504, -56.244274, 0.977099
17:50:20.672 -> 0.109863, 1.017334, -0.115234, -3.175573, -56.244274, 1.099237
17:50:20.672 -> 0.107666, 1.001953, -0.110107, -2.992366, -55.938931, 0.732824
17:50:20.705 -> 0.103516, 0.996582, -0.123779, -3.541985, -56.488548, 0.977099
17:50:20.705 -> 0.106445, 1.010498, -0.098145, -3.053435, -56.610687, 0.977099
17:50:20.739 -> 0.093262, 1.001709, -0.119873, -2.564886, -56.305344, 1.099237
17:50:20.739 -> 0.106445, 1.017334, -0.115967, -2.992366, -56.549618, 0.977099
17:50:20.739 -> 0.102051, 1.000244, -0.111572, -3.236641, -56.244274, 0.916031
17:50:20.772 -> 0.107422, 1.019043, -0.102051, -2.992366, -56.244274, 0.916031
17:50:20.772 -> 0.099854, 1.003906, -0.089600, -3.114504, -56.305344, 1.099237
17:50:20.841 -> 0.098389, 1.009033, -0.099121, -3.236641, -56.244274, 1.038168
17:50:20.841 -> 0.101318, 1.010010, -0.104004, -3.236641, -56.000000, 0.977099
17:50:20.841 -> 0.101074, 1.008789, -0.104980, -2.870229, -55.755726, 1.038168
17:50:20.841 -> 0.093750, 1.012451, -0.093994, -3.053435, -55.755726, 0.854962
17:50:20.841 -> 0.102051, 1.007812, -0.101807, -3.297710, -55.694656, 0.977099
17:50:20.921 -> 0.097656, 1.008545, -0.084961, -3.358779, -55.450382, 0.854962
17:50:20.921 -> 0.104248, 1.003906, -0.088867, -3.236641, -55.267178, 1.038168
17:50:20.921 -> 0.097412, 1.012451, -0.090332, -3.236641, -55.206108, 1.038168
17:50:20.921 -> 0.099121, 1.004639, -0.087891, -3.236641, -55.083969, 0.916031
17:50:20.921 -> 0.097656, 1.005615, -0.084229, -3.053435, -54.778625, 0.854962
17:50:20.921 -> 0.103516, 1.010498, -0.090820, -3.358779, -54.412212, 1.038168
17:50:20.989 -> 0.094482, 1.019287, -0.091309, -3.236641, -54.229008, 0.916031
17:50:20.989 -> 0.089844, 1.001953, -0.090820, -3.236641, -53.862595, 0.793893
17:50:20.989 -> 0.099121, 1.010010, -0.092285, -3.297710, -53.740459, 0.854962
17:50:20.989 -> 0.089844, 1.016602, -0.086182, -3.297710, -53.679390, 0.977099
17:50:20.989 -> 0.095215, 1.013428, -0.092041, -2.992366, -53.374046, 0.977099
17:50:20.989 -> 0.089844, 1.010498, -0.094727, -3.053435, -53.007633, 0.854962
17:50:21.049 -> 0.091064, 1.004395, -0.089600, -3.053435, -52.763359, 0.916031
17:50:21.049 -> 0.093506, 1.009766, -0.086914, -2.992366, -52.519085, 0.977099
17:50:21.049 -> 0.091553, 1.011963, -0.091064, -2.992366, -52.335876, 1.038168
17:50:21.049 -> 0.091797, 1.005615, -0.079590, -3.236641, -51.786259, 0.916031
17:50:21.135 -> 0.088379, 1.007568, -0.094482, -3.236641, -51.847328, 0.977099
17:50:21.135 -> 0.090332, 1.006592, -0.091064, -3.236641, -51.480915, 1.038168
17:50:21.135 -> 0.091797, 1.004395, -0.089600, -3.541985, -51.358780, 0.916031
17:50:21.135 -> 0.088379, 1.005859, -0.088379, -3.358779, -51.175571, 0.916031
17:50:21.135 -> 0.083984, 1.007812, -0.094971, -3.419847, -50.931297, 0.977099
17:50:21.135 -> 0.093994, 1.014893, -0.087891, -3.297710, -50.687023, 1.038168
17:50:21.135 -> 0.084961, 1.013428, -0.092773, -3.114504, -50.564884, 1.038168
17:50:21.196 -> 0.091553, 1.011719, -0.087646, -3.419847, -50.259541, 1.160305
17:50:21.196 -> 0.080078, 1.009521, -0.088135, -3.175573, -49.954197, 1.099237
17:50:21.196 -> 0.087646, 1.012939, -0.098145, -3.419847, -49.893131, 0.854962
17:50:21.196 -> 0.087158, 1.007812, -0.076904, -3.236641, -49.770992, 0.916031
17:50:21.254 -> 0.085938, 1.008057, -0.094971, -3.603053, -49.343513, 0.977099
17:50:21.254 -> 0.083252, 1.007324, -0.099365, -3.175573, -49.099236, 0.977099
17:50:21.254 -> 0.083252, 1.003418, -0.080078, -3.603053, -49.221375, 0.977099
17:50:21.254 -> 0.075195, 1.006836, -0.084717, -2.992366, -48.732826, 0.977099
17:50:21.254 -> 0.081787, 1.004883, -0.081543, -2.992366, -48.610687, 1.038168
17:50:21.324 -> 0.077881, 1.008789, -0.081543, -2.564886, -48.244274, 0.793893
17:50:21.324 -> 0.086182, 1.011230, -0.085938, -3.236641, -47.938931, 0.732824
17:50:21.324 -> 0.073730, 1.008057, -0.085449, -2.748092, -47.755726, 0.916031
17:50:21.324 -> 0.075195, 1.006836, -0.065674, -3.664122, -47.572517, 0.916031
17:50:21.324 -> 0.070312, 1.017334, -0.079834, -3.969466, -47.022900, 0.977099
17:50:21.388 -> 0.072510, 1.006836, -0.071533, -3.114504, -46.473282, 0.916031
17:50:21.388 -> 0.070557, 1.011475, -0.062744, -3.236641, -45.984734, 1.038168
17:50:21.388 -> 0.072021, 1.011475, -0.064453, -3.236641, -45.618320, 0.977099
17:50:21.388 -> 0.080322, 1.004639, -0.061523, -2.687023, -45.190842, 0.977099
17:50:21.388 -> 0.065186, 1.013184, -0.061035, -2.503817, -44.641220, 0.854962
17:50:21.439 -> 0.071533, 1.007324, -0.058105, -2.809160, -44.274811, 0.916031
17:50:21.439 -> 0.068115, 1.012207, -0.071533, -3.419847, -43.786259, 0.977099
17:50:21.439 -> 0.063477, 1.005615, -0.060547, -2.748092, -43.358780, 0.854962
17:50:21.439 -> 0.067871, 1.011719, -0.062744, -3.297710, -42.748093, 0.793893
17:50:21.495 -> 0.060303, 1.009277, -0.062744, -3.114504, -42.320610, 0.793893
17:50:21.495 -> 0.057617, 1.011963, -0.067383, -2.992366, -41.770992, 0.793893
17:50:21.495 -> 0.062744, 1.005859, -0.053223, -3.236641, -41.282444, 0.916031
17:50:21.495 -> 0.064209, 1.009521, -0.059082, -2.687023, -40.854961, 1.099237
17:50:21.549 -> 0.065186, 1.006592, -0.063477, -2.748092, -40.366413, 0.977099
17:50:21.549 -> 0.060059, 1.005371, -0.060059, -2.870229, -39.755726, 0.977099
17:50:21.549 -> 0.055420, 1.003174, -0.058594, -3.114504, -39.328243, 0.793893
17:50:21.549 -> 0.061768, 1.006104, -0.059570, -2.931298, -38.717556, 0.854962
17:50:21.611 -> 0.059326, 1.008057, -0.065674, -3.053435, -38.290077, 0.916031
17:50:21.611 -> 0.054688, 1.011475, -0.063965, -3.175573, -37.801525, 0.916031
17:50:21.611 -> 0.045166, 1.006592, -0.058838, -2.992366, -37.129772, 1.099237
17:50:21.611 -> 0.051270, 1.010498, -0.062744, -2.992366, -36.824429, 0.916031
17:50:21.653 -> 0.058105, 1.007568, -0.063477, -3.114504, -36.274811, 0.977099
17:50:21.653 -> 0.048096, 1.012207, -0.045654, -3.053435, -35.603054, 0.977099
17:50:21.653 -> 0.047119, 1.010254, -0.048340, -3.053435, -34.931297, 0.977099
17:50:21.653 -> 0.045654, 1.007080, -0.039551, -3.053435, -34.381680, 0.977099
17:50:21.687 -> 0.046875, 1.010498, -0.036621, -2.931298, -33.526718, 0.977099
17:50:21.687 -> 0.040039, 1.003662, -0.045410, -2.870229, -32.977100, 0.977099
17:50:21.729 -> 0.041992, 1.011719, -0.026855, -2.870229, -32.122139, 0.854962
17:50:21.729 -> 0.038818, 1.016113, -0.000732, -2.992366, -31.206106, 0.854962
17:50:21.729 -> 0.044189, 1.010742, 0.017822, -2.870229, -29.740458, 0.916031
17:50:21.771 -> 0.032227, 1.011963, 0.035645, -3.053435, -28.641222, 1.038168
17:50:21.771 -> 0.031494, 1.010010, 0.055664, -3.114504, -27.297710, 0.793893
17:50:21.771 -> 0.027588, 1.007080, 0.067871, -3.053435, -25.465649, 0.916031
17:50:21.813 -> 0.023682, 1.010742, 0.076660, -2.992366, -23.816793, 0.854962
17:50:21.813 -> 0.021729, 1.009521, 0.103516, -3.114504, -21.984734, 0.916031
17:50:21.813 -> 0.020996, 1.011475, 0.100098, -3.114504, -19.969465, 1.038168
17:50:21.813 -> 0.027832, 1.010010, 0.102051, -2.992366, -17.832062, 0.793893
17:50:21.847 -> 0.017334, 1.007812, 0.101807, -3.114504, -15.938931, 0.732824
17:50:21.847 -> 0.020264, 1.012207, 0.091797, -3.358779, -13.984733, 0.854962
17:50:21.876 -> 0.010742, 1.010254, 0.079590, -3.541985, -11.908397, 0.916031
17:50:21.876 -> 0.018311, 1.006348, 0.044678, -3.725191, -10.564885, 0.916031
17:50:21.905 -> 0.018555, 1.009766, 0.004639, -3.725191, -9.221375, 0.793893
17:50:21.905 -> 0.017090, 1.010010, -0.030518, -3.847328, -8.244275, 0.793893
17:50:21.905 -> 0.021484, 1.010986, -0.060547, -3.603053, -7.755725, 0.854962
17:50:21.937 -> 0.014404, 1.008057, -0.090332, -3.725191, -7.389313, 0.854962
17:50:21.937 -> 0.020020, 1.008789, -0.133545, -3.725191, -7.328244, 0.793893
17:50:21.974 -> 0.020508, 1.027344, 0.048340, -1.526718, -9.465649, 1.038168
17:50:21.974 -> -0.001953, 1.002930, -0.114746, -3.908397, -6.900764, 0.793893
17:50:21.974 -> 0.025635, 1.010254, -0.138184, -3.053435, -7.267176, 0.854962
17:50:21.999 -> 0.023926, 1.015137, -0.135986, -3.603053, -8.061069, 0.977099
17:50:21.999 -> -0.040039, 0.992432, -0.002686, -3.480916, -7.389313, 0.732824
17:50:22.034 -> 0.016846, 1.015625, -0.166504, -2.931298, -7.572519, 0.793893
17:50:22.034 -> 0.004150, 1.004395, -0.026855, -2.748092, -6.900764, 0.793893
17:50:22.071 -> 0.027588, 1.007568, -0.173584, -4.335878, -7.572519, 0.732824
17:50:22.071 -> 0.023438, 1.014160, -0.132324, -3.297710, -7.633588, 0.854962
17:50:22.071 -> 0.045166, 1.017822, -0.036621, -2.931298, -6.229008, 0.732824
17:50:22.112 -> 0.047852, 1.007080, -0.250732, -4.396946, -7.450382, 0.793893
17:50:22.112 -> 0.020020, 1.013184, -0.131104, -2.992366, -7.938931, 0.732824
17:50:22.112 -> 0.020264, 1.008789, -0.090820, -3.603053, -7.633588, 0.854962
17:50:22.144 -> 0.020508, 1.008301, -0.180908, -3.664122, -8.000000, 0.671756
17:50:22.144 -> 0.020508, 1.008789, -0.086426, -2.992366, -8.061069, 0.732824
17:50:22.144 -> 0.021240, 1.009277, -0.086914, -3.847328, -7.633588, 0.916031
17:50:22.180 -> 0.022217, 1.002197, -0.108887, -3.541985, -7.633588, 0.732824
17:50:22.180 -> 0.016846, 1.015869, -0.059570, -3.053435, -7.511450, 0.854962
17:50:22.180 -> 0.020264, 1.015625, -0.078857, -3.786260, -6.839694, 0.854962
17:50:22.222 -> 0.020020, 1.000000, -0.145264, -3.786260, -6.839694, 0.854962
17:50:22.222 -> 0.038330, 1.007080, -0.188477, -3.969466, -8.305344, 0.793893
17:50:22.222 -> 0.121582, 1.103271, -0.799316, -8.183207, 1.038168, 1.221374
17:50:22.256 -> 0.388672, 0.822510, 1.395996, 2.442748, 9.343512, 0.671756
17:50:22.256 -> 0.091309, 0.772705, 0.617432, 3.480916, 4.030534, -0.183206
17:50:22.294 -> -0.248291, 0.863525, -0.837646, -17.038168, -13.801527, 1.221374
17:50:22.294 -> -0.042236, 1.051514, -0.301270, -11.603053, -5.129771, 0.977099
17:50:22.294 -> 0.053711, 1.177246, -0.716064, -9.099236, 5.007634, 0.610687
17:50:22.323 -> 0.089355, 0.986816, -0.223389, -2.259542, 2.931298, 0.610687
17:50:22.323 -> -0.011719, 1.079834, -0.138672, -18.198473, -3.480916, 0.793893
17:50:22.357 -> 0.197754, 0.966064, -1.050049, -16.183207, 7.022901, -0.183206
17:50:22.357 -> 0.068604, 0.995117, 0.107666, -2.503817, 0.305344, 0.916031
17:50:22.357 -> 0.020996, 1.035156, -0.252930, -8.916031, 1.954198, 0.610687
17:50:22.398 -> -0.072266, 1.063965, 0.147217, 1.709924, -0.854962, 0.732824
17:50:22.398 -> 0.044434, 0.974121, 0.169922, 2.320611, 0.244275, 0.916031
17:50:22.398 -> -0.027832, 0.785156, 0.274170, 1.404580, 1.770992, 0.549618
17:50:22.433 -> 0.002686, 1.029053, -0.250488, -5.068702, -1.282443, 0.977099
17:50:22.433 -> 0.017334, 1.035156, -0.014893, -2.076336, -1.893130, 0.977099
17:50:22.433 -> 0.022949, 1.027832, -0.142822, -3.297710, -1.770992, 0.977099
17:50:22.460 -> 0.033203, 1.015137, -0.153320, -3.358779, -1.038168, 0.732824
17:50:22.460 -> 0.056641, 1.003174, -0.241455, -5.374046, -0.183206, 0.671756
17:50:22.495 -> 0.028809, 1.024902, -0.177490, -4.946565, -0.061069, 0.732824
17:50:22.495 -> 0.003174, 0.994141, -0.072998, -3.358779, -0.610687, 0.671756
17:50:22.527 -> 0.029785, 1.030029, -0.164062, -4.274809, -1.160305, 0.854962
17:50:22.527 -> 0.027100, 1.010986, -0.145264, -2.564886, -0.549618, 0.977099
17:50:22.527 -> 0.026855, 0.996094, -0.115234, -2.992366, 0.183206, 0.793893
17:50:22.569 -> 0.019287, 1.000488, -0.106689, -3.847328, -0.610687, 0.671756
17:50:22.569 -> 0.017578, 1.002686, -0.081299, -2.992366, -0.732824, 0.854962
17:50:22.569 -> 0.021484, 1.009277, -0.123535, -3.541985, -0.610687, 0.854962
17:50:22.612 -> 0.012695, 1.012695, -0.139648, -3.297710, -0.793893, 0.793893
17:50:22.612 -> 0.011963, 1.007080, -0.101318, -2.931298, -0.427481, 0.549618
17:50:22.612 -> 0.020996, 0.998535, -0.119629, -2.931298, -0.916031, 0.793893
17:50:22.652 -> 0.020508, 1.008057, -0.083252, -2.625954, -0.610687, 0.671756
17:50:22.652 -> 0.022461, 1.001953, -0.119385, -3.053435, -0.488550, 0.793893
17:50:22.652 -> 0.023438, 1.008789, -0.098145, -3.175573, -0.793893, 0.916031
17:50:22.688 -> 0.015869, 1.009521, -0.118408, -3.358779, -0.671756, 0.916031
17:50:22.688 -> 0.018555, 1.003662, -0.129150, -3.297710, -0.671756, 0.732824
17:50:22.688 -> 0.013428, 1.007568, -0.111328, -3.297710, -0.549618, 0.854962
17:50:22.725 -> 0.019043, 1.009521, -0.112793, -3.053435, -0.793893, 0.793893
17:50:22.725 -> 0.022217, 1.010986, -0.108154, -3.053435, -0.610687, 0.793893
17:50:22.725 -> 0.017090, 0.999023, -0.118408, -3.480916, -0.610687, 0.732824
17:50:22.745 -> 0.021240, 1.004883, -0.107178, -3.603053, -0.549618, 0.854962
17:50:22.773 -> 0.016357, 1.007812, -0.118896, -3.297710, -0.671756, 0.671756
17:50:22.773 -> 0.019287, 1.004395, -0.117432, -3.297710, -0.549618, 0.671756
17:50:22.803 -> 0.017334, 1.009521, -0.119873, -3.541985, -0.610687, 0.732824
17:50:22.803 -> 0.023193, 1.009766, -0.114258, -3.419847, -0.549618, 0.793893
17:50:22.825 -> 0.026123, 1.013672, -0.118408, -3.297710, -0.610687, 0.793893
17:50:22.825 -> 0.019043, 1.008057, -0.119385, -3.541985, -0.854962, 0.854962
17:50:22.858 -> 0.018311, 1.005371, -0.117188, -3.541985, -0.488550, 0.916031
17:50:22.858 -> 0.021240, 1.015869, -0.119629, -3.419847, -0.549618, 0.854962
17:50:22.858 -> 0.018555, 1.012207, -0.121826, -3.480916, -0.671756, 0.732824
17:50:22.891 -> 0.023193, 1.008789, -0.129150, -3.480916, -0.793893, 0.732824
17:50:22.891 -> 0.020752, 1.010010, -0.111572, -3.297710, -0.671756, 0.793893
17:50:22.931 -> 0.019531, 1.010986, -0.122314, -3.297710, -0.427481, 0.732824
17:50:22.931 -> 0.023193, 1.006836, -0.106689, -3.358779, -0.671756, 0.977099
17:50:22.931 -> 0.024658, 1.010498, -0.115967, -3.480916, -0.732824, 0.916031
17:50:22.963 -> 0.027588, 1.010986, -0.130859, -3.297710, -0.610687, 0.854962
17:50:22.963 -> 0.017822, 1.012207, -0.115723, -3.480916, -0.488550, 0.732824
17:50:22.963 -> 0.022461, 1.005127, -0.110596, -3.358779, -0.610687, 0.793893
17:50:22.990 -> 0.017822, 1.006104, -0.121094, -3.175573, -0.854962, 0.671756
17:50:22.990 -> 0.017334, 1.010742, -0.123047, -3.297710, -0.732824, 0.732824
17:50:23.023 -> 0.021973, 1.011719, -0.120605, -3.358779, -0.488550, 0.732824
17:50:23.023 -> 0.022461, 1.012451, -0.109863, -3.175573, -0.610687, 0.854962
17:50:23.056 -> 0.017578, 1.006104, -0.121094, -3.114504, -0.671756, 0.916031
17:50:23.056 -> 0.019043, 1.008301, -0.118896, -3.175573, -0.671756, 0.793893
17:50:23.056 -> 0.020264, 1.006836, -0.113770, -3.236641, -0.671756, 0.854962
17:50:23.094 -> Logging complete.

17:51:53.625 -> timestamp, ax, ay, az, gx, gy, gz
17:51:53.625 -> 0.030762, 1.008545, -0.119385, -3.297710, -0.610687, 0.732824
17:51:53.625 -> 0.023926, 1.009277, -0.119141, -3.480916, -0.732824, 0.671756
17:51:53.658 -> 0.029541, 1.006592, -0.124756, -3.358779, -0.793893, 0.793893
17:51:53.658 -> 0.022705, 1.008789, -0.127686, -3.236641, -0.549618, 0.732824
17:51:53.692 -> 0.025635, 1.006592, -0.131836, -3.236641, -0.610687, 0.916031
17:51:53.692 -> 0.028076, 1.004150, -0.138428, -3.236641, -0.793893, 0.854962
17:51:53.692 -> 0.030762, 1.004883, -0.125244, -3.175573, -0.854962, 0.732824
17:51:53.725 -> 0.027832, 1.012939, -0.126221, -3.297710, -1.038168, 0.854962
17:51:53.725 -> 0.028320, 1.013428, -0.128662, -3.297710, -0.977099, 0.671756
17:51:53.758 -> 0.028809, 1.014893, -0.131104, -3.236641, -1.221374, 0.671756
17:51:53.758 -> 0.029785, 1.008789, -0.125000, -3.603053, -1.282443, 0.610687
17:51:53.758 -> 0.026367, 1.005859, -0.138184, -3.297710, -1.465649, 0.793893
17:51:53.791 -> 0.032959, 1.006348, -0.122559, -3.236641, -1.465649, 0.854962
17:51:53.791 -> 0.026123, 1.000977, -0.116211, -3.114504, -1.526718, 0.977099
17:51:53.825 -> 0.025391, 1.006348, -0.110840, -3.236641, -1.648855, 0.793893
17:51:53.825 -> 0.024658, 1.006836, -0.111084, -3.236641, -1.709924, 0.793893
17:51:53.825 -> 0.023926, 1.005371, -0.112305, -3.297710, -1.709924, 0.854962
17:51:53.858 -> 0.032227, 1.007568, -0.124756, -3.358779, -1.770992, 0.732824
17:51:53.858 -> 0.031250, 1.011475, -0.123779, -3.297710, -1.587786, 0.671756
17:51:53.891 -> 0.026367, 1.002686, -0.112061, -2.870229, -1.648855, 0.671756
17:51:53.891 -> 0.027344, 1.005127, -0.112305, -2.931298, -1.465649, 0.854962
17:51:53.891 -> 0.023926, 1.010986, -0.107666, -2.931298, -1.526718, 0.916031
17:51:53.924 -> 0.035400, 1.007324, -0.098633, -4.458015, -1.648855, 0.793893
17:51:53.924 -> 0.027344, 1.000977, -0.095215, -2.564886, -1.282443, 0.732824
17:51:53.958 -> 0.025391, 1.016602, -0.114258, -4.091603, -1.404580, 0.854962
17:51:53.958 -> 0.023926, 1.005371, -0.115967, -2.748092, -1.404580, 0.732824
17:51:53.958 -> 0.029297, 1.012695, -0.145996, -2.992366, -1.343511, 0.732824
17:51:53.991 -> 0.020508, 1.006104, -0.150391, -3.664122, -1.526718, 0.793893
17:51:53.991 -> 0.033447, 1.008301, -0.146484, -3.664122, -2.015267, 0.977099
17:51:54.024 -> 0.027832, 1.012207, -0.152344, -3.541985, -2.198473, 0.854962
17:51:54.024 -> 0.027588, 1.012207, -0.168457, -3.297710, -3.053435, 0.610687
17:51:54.024 -> 0.025146, 1.006104, -0.197021, -3.969466, -3.419847, 0.732824
17:51:54.057 -> 0.034180, 1.009033, -0.213867, -4.091603, -4.213740, 0.793893
17:51:54.057 -> 0.035645, 1.009033, -0.238281, -4.030534, -5.190840, 0.793893
17:51:54.091 -> 0.031982, 1.004639, -0.246826, -4.274809, -6.351145, 0.854962
17:51:54.091 -> 0.033203, 1.007568, -0.259033, -3.786260, -7.389313, 0.732824
17:51:54.091 -> 0.033691, 1.010254, -0.279541, -3.847328, -8.854961, 0.793893
17:51:54.124 -> 0.035156, 1.007324, -0.276611, -4.091603, -10.503817, 0.916031
17:51:54.124 -> 0.035400, 1.006348, -0.301758, -4.030534, -12.030535, 0.793893
17:51:54.158 -> 0.034668, 1.009277, -0.310303, -3.969466, -13.740458, 0.793893
17:51:54.158 -> 0.036865, 1.000732, -0.324951, -4.030534, -15.389313, 0.671756
17:51:54.158 -> 0.036377, 1.002441, -0.333252, -3.725191, -17.526718, 1.099237
17:51:54.191 -> 0.046143, 1.005615, -0.343994, -3.786260, -19.480917, 0.854962
17:51:54.191 -> 0.043457, 1.008057, -0.341309, -3.603053, -21.312977, 0.916031
17:51:54.191 -> 0.047119, 1.010986, -0.339844, -3.603053, -23.511450, 0.977099
17:51:54.225 -> 0.050781, 1.006104, -0.335693, -3.541985, -25.465649, 0.854962
17:51:54.225 -> 0.048096, 1.010742, -0.329102, -3.419847, -27.236641, 0.793893
17:51:54.258 -> 0.051025, 1.011230, -0.326904, -3.541985, -29.374046, 0.916031
17:51:54.258 -> 0.060303, 1.007812, -0.325195, -3.297710, -31.206106, 0.854962
17:51:54.291 -> 0.058594, 1.009277, -0.307617, -3.175573, -32.793892, 0.854962
17:51:54.291 -> 0.069092, 0.998047, -0.295654, -3.175573, -34.625954, 0.916031
17:51:54.291 -> 0.063721, 1.011230, -0.298340, -3.236641, -36.213741, 0.977099
17:51:54.324 -> 0.069824, 1.005859, -0.280518, -3.664122, -38.045803, 0.977099
17:51:54.324 -> 0.065918, 1.011963, -0.279541, -3.480916, -39.328243, 0.977099
17:51:54.324 -> 0.068848, 1.007568, -0.278564, -3.297710, -40.854961, 1.038168
17:51:54.358 -> 0.081055, 1.009521, -0.241699, -3.236641, -41.954197, 0.977099
17:51:54.358 -> 0.075439, 1.013184, -0.257812, -2.931298, -43.236641, 0.977099
17:51:54.431 -> 0.083252, 1.007324, -0.245361, -2.870229, -44.580154, 1.099237
17:51:54.431 -> 0.085693, 1.005127, -0.236572, -2.564886, -45.801525, 0.916031
17:51:54.431 -> 0.083252, 1.012695, -0.239014, -3.297710, -46.717556, 0.854962
17:51:54.431 -> 0.084229, 1.001709, -0.235352, -3.236641, -47.938931, 0.854962
17:51:54.431 -> 0.090576, 1.003662, -0.222656, -2.931298, -49.099236, 1.221374
17:51:54.483 -> 0.086182, 1.021729, -0.201904, -3.175573, -49.954197, 1.099237
17:51:54.483 -> 0.099854, 0.997559, -0.205811, -3.297710, -50.931297, 0.916031
17:51:54.483 -> 0.098877, 1.011963, -0.213379, -3.419847, -51.603054, 1.038168
17:51:54.483 -> 0.109375, 0.990479, -0.220215, -3.297710, -52.702290, 1.038168
17:51:54.559 -> 0.092773, 1.035889, -0.211670, -3.480916, -53.251907, 1.099237
17:51:54.559 -> 0.106201, 0.988770, -0.198975, -3.664122, -54.534351, 1.099237
17:51:54.559 -> 0.114746, 1.030518, -0.215820, -2.992366, -54.778625, 0.916031
17:51:54.559 -> 0.102295, 0.987061, -0.204102, -3.236641, -55.877861, 1.099237
17:51:54.559 -> 0.110107, 1.037598, -0.196533, -3.297710, -56.427483, 1.160305
17:51:54.559 -> 0.105469, 0.982422, -0.195557, -3.541985, -57.465649, 1.221374
17:51:54.631 -> 0.120361, 1.022705, -0.188965, -3.725191, -57.954197, 1.099237
17:51:54.631 -> 0.107666, 0.999268, -0.182373, -3.480916, -58.564884, 0.916031
17:51:54.631 -> 0.122559, 1.019775, -0.182129, -3.480916, -59.114506, 1.160305
17:51:54.631 -> 0.119385, 1.005371, -0.169678, -3.358779, -59.603054, 1.038168
17:51:54.631 -> 0.121826, 1.001465, -0.154785, -3.114504, -60.030533, 0.977099
17:51:54.631 -> 0.122559, 1.006104, -0.198975, -3.603053, -61.312977, 1.160305
17:51:54.686 -> 0.126465, 1.003174, -0.166504, -3.297710, -61.312977, 0.916031
17:51:54.686 -> 0.122803, 1.017578, -0.175293, -3.236641, -61.923664, 1.038168
17:51:54.686 -> 0.119629, 0.995605, -0.159424, -3.480916, -62.595421, 1.038168
17:51:54.686 -> 0.127197, 1.017822, -0.163574, -2.992366, -62.778625, 1.038168
17:51:54.760 -> 0.128174, 1.006104, -0.163330, -2.748092, -63.083969, 1.038168
17:51:54.760 -> 0.129395, 1.017334, -0.152344, -3.297710, -63.633587, 1.160305
17:51:54.760 -> 0.127441, 1.004639, -0.145020, -3.541985, -63.938931, 0.916031
17:51:54.760 -> 0.134521, 1.014893, -0.165771, -3.725191, -64.000000, 1.221374
17:51:54.760 -> 0.122559, 1.006592, -0.156738, -3.419847, -64.366409, 1.160305
17:51:54.831 -> 0.136719, 1.009033, -0.141113, -3.419847, -64.854965, 1.221374
17:51:54.831 -> 0.126465, 1.011230, -0.149658, -3.297710, -65.221375, 1.099237
17:51:54.831 -> 0.136963, 1.009033, -0.143555, -3.297710, -65.282440, 1.099237
17:51:54.831 -> 0.131348, 1.007812, -0.134521, -3.175573, -65.709923, 1.038168
17:51:54.831 -> 0.125732, 1.003662, -0.131836, -3.358779, -65.893127, 1.099237
17:51:54.831 -> 0.140137, 1.008789, -0.142822, -3.358779, -65.893127, 1.282443
17:51:54.916 -> 0.135986, 1.005127, -0.131836, -3.236641, -66.137405, 1.221374
17:51:54.916 -> 0.138428, 1.019043, -0.118164, -2.931298, -66.320610, 0.916031
17:51:54.916 -> 0.137695, 1.009033, -0.125244, -3.236641, -66.137405, 0.916031
17:51:54.916 -> 0.131836, 1.009277, -0.102295, -2.870229, -66.259544, 1.038168
17:51:54.916 -> 0.134277, 1.006104, -0.094482, -3.114504, -66.259544, 1.099237
17:51:54.916 -> 0.139893, 1.008545, -0.110840, -3.297710, -66.015266, 1.038168
17:51:54.986 -> 0.133057, 1.008057, -0.093750, -2.992366, -65.893127, 1.160305
17:51:54.986 -> 0.136719, 1.006592, -0.072510, -2.992366, -65.404579, 1.099237
17:51:54.986 -> 0.131348, 1.011230, -0.086182, -3.114504, -65.404579, 1.160305
17:51:54.986 -> 0.134521, 1.005127, -0.067871, -2.992366, -65.038170, 1.038168
17:51:54.986 -> 0.126465, 1.011719, -0.083496, -3.419847, -64.549622, 1.038168
17:51:55.034 -> 0.129395, 1.002197, -0.060303, -2.931298, -64.305344, 1.160305
17:51:55.034 -> 0.114014, 1.014160, -0.077637, -2.748092, -63.938931, 1.160305
17:51:55.034 -> 0.126953, 0.998779, -0.060547, -3.236641, -63.511452, 0.977099
17:51:55.034 -> 0.116699, 1.014160, -0.063232, -2.748092, -63.206108, 1.099237
17:51:55.068 -> 0.122070, 1.010498, -0.070312, -3.175573, -62.900764, 1.038168
17:51:55.068 -> 0.127441, 1.008057, -0.071777, -3.480916, -62.534351, 1.221374
17:51:55.068 -> 0.121582, 1.010742, -0.062012, -3.358779, -62.045803, 1.038168
17:51:55.126 -> 0.117432, 1.006836, -0.073242, -3.175573, -61.618320, 0.977099
17:51:55.126 -> 0.118164, 1.009521, -0.069336, -3.175573, -61.435116, 0.977099
17:51:55.126 -> 0.113525, 1.009277, -0.071533, -3.236641, -60.824429, 1.221374
17:51:55.126 -> 0.113525, 1.005127, -0.070557, -3.114504, -60.702290, 0.977099
17:51:55.167 -> 0.108643, 1.008789, -0.070068, -3.419847, -60.030533, 1.038168
17:51:55.167 -> 0.110596, 1.005859, -0.070557, -3.419847, -59.847328, 1.160305
17:51:55.167 -> 0.118652, 1.012939, -0.068359, -3.053435, -59.297710, 1.038168
17:51:55.226 -> 0.110352, 1.007080, -0.070068, -3.175573, -59.053436, 0.793893
17:51:55.226 -> 0.108643, 1.008301, -0.076172, -3.053435, -58.625954, 0.977099
17:51:55.226 -> 0.103271, 1.004883, -0.081543, -3.480916, -58.198475, 1.099237
17:51:55.226 -> 0.106934, 1.009033, -0.069824, -3.419847, -58.137405, 1.099237
17:51:55.226 -> 0.110352, 1.011719, -0.070312, -3.358779, -57.526718, 0.916031
17:51:55.293 -> 0.102051, 1.003662, -0.067383, -3.236641, -57.099236, 0.977099
17:51:55.293 -> 0.106201, 1.012939, -0.065186, -3.236641, -56.671757, 1.099237
17:51:55.293 -> 0.100342, 1.012939, -0.071777, -2.748092, -56.244274, 0.977099
17:51:55.293 -> 0.104004, 1.013184, -0.075684, -3.419847, -55.877861, 0.793893
17:51:55.362 -> 0.096924, 1.010986, -0.064209, -3.297710, -55.755726, 0.916031
17:51:55.362 -> 0.095215, 1.010498, -0.066406, -3.358779, -55.083969, 1.099237
17:51:55.362 -> 0.099609, 1.004395, -0.066650, -3.114504, -54.717556, 0.977099
17:51:55.362 -> 0.094727, 1.007324, -0.065918, -3.175573, -54.473282, 1.038168
17:51:55.362 -> 0.094482, 1.000732, -0.073242, -3.175573, -53.923664, 1.160305
17:51:55.362 -> 0.093262, 1.008057, -0.064453, -3.236641, -53.679390, 1.160305
17:51:55.398 -> 0.093750, 1.010010, -0.072998, -3.114504, -53.068703, 1.038168
17:51:55.398 -> 0.089844, 1.008545, -0.071777, -3.175573, -52.946564, 0.916031
17:51:55.435 -> 0.089355, 1.016113, -0.068848, -3.541985, -52.335876, 1.038168
17:51:55.435 -> 0.090332, 1.008301, -0.067139, -3.725191, -51.969467, 1.221374
17:51:55.435 -> 0.088135, 1.009766, -0.060547, -3.480916, -51.480915, 1.038168
17:51:55.481 -> 0.084961, 1.002930, -0.072998, -2.748092, -51.114506, 0.977099
17:51:55.481 -> 0.083008, 1.003906, -0.064941, -2.809160, -50.625954, 0.977099
17:51:55.481 -> 0.080078, 1.017090, -0.065918, -3.480916, -50.198475, 1.038168
17:51:55.481 -> 0.077637, 1.008057, -0.051025, -3.175573, -49.648853, 1.221374
17:51:55.508 -> 0.080322, 1.005127, -0.062988, -3.603053, -49.343513, 0.977099
17:51:55.508 -> 0.076172, 1.008789, -0.062988, -3.664122, -48.793892, 0.977099
17:51:55.522 -> 0.074707, 1.011963, -0.058594, -3.603053, -48.244274, 0.854962
17:51:55.551 -> 0.071533, 1.008301, -0.054199, -2.442748, -47.511452, 0.916031
17:51:55.551 -> 0.078613, 1.007812, -0.065918, -2.870229, -47.206108, 0.977099
17:51:55.584 -> 0.073242, 1.004150, -0.043945, -2.931298, -46.595421, 0.916031
17:51:55.584 -> 0.068359, 1.010742, -0.051758, -3.236641, -46.167938, 1.099237
17:51:55.617 -> 0.072998, 1.004639, -0.047852, -2.992366, -45.618320, 1.099237
17:51:55.617 -> 0.066895, 1.004883, -0.038818, -2.931298, -44.763359, 1.038168
17:51:55.617 -> 0.060303, 1.005615, -0.044434, -2.809160, -44.213741, 0.977099
17:51:55.650 -> 0.068604, 1.008301, -0.037598, -3.053435, -43.297710, 0.977099
17:51:55.650 -> 0.059814, 1.006104, -0.031738, -3.114504, -42.748093, 0.854962
17:51:55.684 -> 0.059082, 1.015381, -0.019775, -2.931298, -41.770992, 1.099237
17:51:55.684 -> 0.058350, 1.008057, -0.014404, -2.809160, -40.916031, 1.038168
17:51:55.684 -> 0.062500, 1.009521, -0.007812, -2.809160, -40.122139, 1.038168
17:51:55.717 -> 0.060059, 1.010010, 0.004639, -2.687023, -38.900764, 1.038168
17:51:55.717 -> 0.052490, 1.007568, 0.009521, -2.809160, -37.984734, 1.160305
17:51:55.750 -> 0.047363, 1.014893, 0.029297, -2.687023, -36.519085, 0.916031
17:51:55.750 -> 0.049072, 1.002686, 0.040283, -2.809160, -35.114506, 0.977099
17:51:55.750 -> 0.038818, 1.007568, 0.064209, -2.687023, -33.587788, 1.038168
17:51:55.783 -> 0.037598, 1.009033, 0.089600, -2.564886, -31.694656, 0.977099
17:51:55.783 -> 0.032471, 1.011230, 0.110352, -2.809160, -29.984734, 1.160305
17:51:55.783 -> 0.031982, 1.008545, 0.129639, -2.564886, -27.786259, 0.977099
17:51:55.817 -> 0.024170, 1.012939, 0.139404, -2.625954, -25.404581, 1.038168
17:51:55.817 -> 0.021973, 1.005859, 0.175781, -2.625954, -22.778625, 0.793893
17:51:55.850 -> 0.022705, 1.012207, 0.192139, -2.564886, -20.091602, 1.038168
17:51:55.850 -> 0.019531, 1.009033, 0.194336, -2.809160, -17.221375, 0.916031
17:51:55.850 -> 0.014648, 1.013916, 0.183594, -2.931298, -14.595420, 0.916031
17:51:55.896 -> 0.015625, 1.010254, 0.154297, -2.931298, -11.908397, 0.854962
17:51:55.896 -> 0.020752, 1.013184, 0.123535, -3.114504, -9.709924, 0.977099
17:51:55.896 -> 0.011719, 1.010010, 0.046387, -3.786260, -7.816794, 0.732824
17:51:55.927 -> 0.007812, 1.006836, -0.004883, -4.152672, -6.656488, 0.854962
17:51:55.927 -> 0.010010, 1.005371, -0.033936, -3.725191, -5.801527, 0.793893
17:51:55.955 -> 0.016602, 1.007812, -0.057861, -3.541985, -5.190840, 0.977099
17:51:55.955 -> 0.017578, 1.006348, -0.084229, -3.358779, -4.824428, 0.732824
17:51:55.955 -> 0.018066, 1.015381, -0.098877, -3.053435, -4.458015, 0.732824
17:51:55.993 -> 0.014893, 1.008301, -0.109863, -2.992366, -4.274809, 0.793893
17:51:55.993 -> 0.020020, 1.008545, -0.117676, -2.931298, -4.152672, 0.793893
17:51:56.021 -> 0.017578, 1.010986, -0.116211, -4.152672, -4.519084, 0.916031
17:51:56.021 -> 0.022461, 1.006104, -0.116211, -3.664122, -4.213740, 0.977099
17:51:56.057 -> 0.015625, 1.006104, -0.119629, -2.076336, -4.152672, 0.916031
17:51:56.057 -> 0.021484, 1.018066, -0.118164, -3.297710, -4.274809, 0.793893
17:51:56.057 -> -0.002686, 1.019287, -0.011475, -3.664122, -3.847328, 0.793893
17:51:56.098 -> -0.049316, 0.981689, 0.052490, -3.358779, -3.175573, 0.793893
17:51:56.098 -> 0.011963, 0.999512, -0.099854, -3.847328, -3.603053, 0.793893
17:51:56.098 -> 0.024414, 1.004883, -0.108398, -3.603053, -3.664122, 0.671756
17:51:56.133 -> 0.020020, 1.008057, -0.067627, -3.480916, -3.358779, 0.916031
17:51:56.133 -> 0.021240, 1.003174, -0.118896, -3.297710, -3.236641, 0.793893
17:51:56.133 -> 0.019287, 1.012451, -0.101807, -3.419847, -3.114504, 0.854962
17:51:56.174 -> 0.014160, 1.009277, -0.108398, -3.480916, -2.931298, 0.732824
17:51:56.174 -> 0.023926, 1.009277, -0.102539, -3.358779, -2.931298, 0.671756
17:51:56.174 -> 0.012939, 1.006104, -0.064941, -3.053435, -2.503817, 0.793893
17:51:56.217 -> 0.014893, 1.009033, -0.078857, -3.786260, -2.381679, 0.854962
17:51:56.217 -> 0.020996, 1.016846, -0.084473, -3.419847, -1.770992, 0.793893
17:51:56.217 -> 0.011719, 1.004150, -0.015625, -3.053435, -0.977099, 0.732824
17:51:56.247 -> 0.023193, 1.012939, -0.083008, -4.091603, -0.793893, 0.732824
17:51:56.247 -> 0.015869, 1.005859, -0.115723, -3.541985, -0.793893, 0.977099
17:51:56.247 -> 0.023193, 1.008789, -0.107910, -3.419847, -0.549618, 0.793893
17:51:56.280 -> 0.023193, 1.014893, -0.139648, -3.603053, -0.671756, 0.671756
17:51:56.280 -> 0.018311, 1.005615, -0.115723, -3.786260, -0.916031, 0.732824
17:51:56.316 -> 0.019287, 1.012695, -0.130859, -4.030534, -0.854962, 0.916031
17:51:56.316 -> 0.019775, 1.007568, -0.113037, -3.603053, -0.732824, 0.854962
17:51:56.316 -> 0.016602, 1.004150, -0.120361, -3.847328, -0.732824, 0.793893
17:51:56.346 -> 0.024170, 1.002686, -0.114990, -3.969466, -0.854962, 0.671756
17:51:56.346 -> 0.023926, 1.006348, -0.131592, -3.786260, -0.854962, 0.793893
17:51:56.380 -> 0.014893, 1.006104, -0.146484, -3.725191, -0.977099, 0.916031
17:51:56.380 -> 0.015137, 1.011963, -0.131348, -3.725191, -1.221374, 0.854962
17:51:56.380 -> 0.024414, 1.006104, -0.126465, -3.236641, -1.038168, 0.610687
17:51:56.413 -> 0.022705, 0.998291, -0.179688, -3.419847, -1.221374, 0.854962
17:51:56.413 -> 0.025635, 0.998291, -0.159668, -4.213740, -1.526718, 0.610687
17:51:56.446 -> 0.020020, 1.014648, -0.170898, -3.908397, -2.564886, 0.793893
17:51:56.446 -> 0.009521, 1.008301, -0.153076, -3.114504, -2.809160, 0.916031
17:51:56.446 -> 0.017578, 1.007324, -0.115234, -2.931298, -3.053435, 0.854962
17:51:56.479 -> 0.004150, 1.009766, -0.145996, -3.419847, -3.725191, 0.854962
17:51:56.479 -> 0.008545, 1.006348, -0.123535, -2.748092, -4.030534, 0.977099
17:51:56.512 -> 0.036133, 1.007568, -0.108887, -2.442748, -3.358779, 0.671756
17:51:56.512 -> 0.019043, 1.014160, -0.140381, -2.992366, -3.725191, 0.977099
17:51:56.512 -> 0.031250, 1.012939, -0.139404, -2.931298, -4.152672, 0.732824
17:51:56.551 -> 0.023926, 1.008545, -0.081299, -3.053435, -3.541985, 0.916031
17:51:56.551 -> 0.021240, 1.013428, -0.118408, -2.931298, -3.664122, 0.854962
17:51:56.551 -> 0.020508, 1.005615, -0.118896, -2.564886, -3.358779, 1.038168
17:51:56.579 -> 0.034424, 1.018555, -0.147705, -3.480916, -3.236641, 0.916031
17:51:56.579 -> 0.025635, 1.020264, -0.138916, -3.053435, -3.419847, 1.038168
17:51:56.616 -> 0.021973, 1.002197, -0.130615, -2.748092, -3.541985, 0.977099
17:51:56.616 -> 0.031738, 1.011719, -0.122314, -2.992366, -3.847328, 0.793893
17:51:56.655 -> 0.019287, 0.999756, -0.141846, -3.053435, -3.908397, 0.671756
17:51:56.655 -> Logging complete.

17:51:53.625 -> timestamp, ax, ay, az, gx, gy, gz
17:51:53.625 -> 0.030762, 1.008545, -0.119385, -3.297710, -0.610687, 0.732824
17:51:53.625 -> 0.023926, 1.009277, -0.119141, -3.480916, -0.732824, 0.671756
17:51:53.658 -> 0.029541, 1.006592, -0.124756, -3.358779, -0.793893, 0.793893
17:51:53.658 -> 0.022705, 1.008789, -0.127686, -3.236641, -0.549618, 0.732824
17:51:53.692 -> 0.025635, 1.006592, -0.131836, -3.236641, -0.610687, 0.916031
17:51:53.692 -> 0.028076, 1.004150, -0.138428, -3.236641, -0.793893, 0.854962
17:51:53.692 -> 0.030762, 1.004883, -0.125244, -3.175573, -0.854962, 0.732824
17:51:53.725 -> 0.027832, 1.012939, -0.126221, -3.297710, -1.038168, 0.854962
17:51:53.725 -> 0.028320, 1.013428, -0.128662, -3.297710, -0.977099, 0.671756
17:51:53.758 -> 0.028809, 1.014893, -0.131104, -3.236641, -1.221374, 0.671756
17:51:53.758 -> 0.029785, 1.008789, -0.125000, -3.603053, -1.282443, 0.610687
17:51:53.758 -> 0.026367, 1.005859, -0.138184, -3.297710, -1.465649, 0.793893
17:51:53.791 -> 0.032959, 1.006348, -0.122559, -3.236641, -1.465649, 0.854962
17:51:53.791 -> 0.026123, 1.000977, -0.116211, -3.114504, -1.526718, 0.977099
17:51:53.825 -> 0.025391, 1.006348, -0.110840, -3.236641, -1.648855, 0.793893
17:51:53.825 -> 0.024658, 1.006836, -0.111084, -3.236641, -1.709924, 0.793893
17:51:53.825 -> 0.023926, 1.005371, -0.112305, -3.297710, -1.709924, 0.854962
17:51:53.858 -> 0.032227, 1.007568, -0.124756, -3.358779, -1.770992, 0.732824
17:51:53.858 -> 0.031250, 1.011475, -0.123779, -3.297710, -1.587786, 0.671756
17:51:53.891 -> 0.026367, 1.002686, -0.112061, -2.870229, -1.648855, 0.671756
17:51:53.891 -> 0.027344, 1.005127, -0.112305, -2.931298, -1.465649, 0.854962
17:51:53.891 -> 0.023926, 1.010986, -0.107666, -2.931298, -1.526718, 0.916031
17:51:53.924 -> 0.035400, 1.007324, -0.098633, -4.458015, -1.648855, 0.793893
17:51:53.924 -> 0.027344, 1.000977, -0.095215, -2.564886, -1.282443, 0.732824
17:51:53.958 -> 0.025391, 1.016602, -0.114258, -4.091603, -1.404580, 0.854962
17:51:53.958 -> 0.023926, 1.005371, -0.115967, -2.748092, -1.404580, 0.732824
17:51:53.958 -> 0.029297, 1.012695, -0.145996, -2.992366, -1.343511, 0.732824
17:51:53.991 -> 0.020508, 1.006104, -0.150391, -3.664122, -1.526718, 0.793893
17:51:53.991 -> 0.033447, 1.008301, -0.146484, -3.664122, -2.015267, 0.977099
17:51:54.024 -> 0.027832, 1.012207, -0.152344, -3.541985, -2.198473, 0.854962
17:51:54.024 -> 0.027588, 1.012207, -0.168457, -3.297710, -3.053435, 0.610687
17:51:54.024 -> 0.025146, 1.006104, -0.197021, -3.969466, -3.419847, 0.732824
17:51:54.057 -> 0.034180, 1.009033, -0.213867, -4.091603, -4.213740, 0.793893
17:51:54.057 -> 0.035645, 1.009033, -0.238281, -4.030534, -5.190840, 0.793893
17:51:54.091 -> 0.031982, 1.004639, -0.246826, -4.274809, -6.351145, 0.854962
17:51:54.091 -> 0.033203, 1.007568, -0.259033, -3.786260, -7.389313, 0.732824
17:51:54.091 -> 0.033691, 1.010254, -0.279541, -3.847328, -8.854961, 0.793893
17:51:54.124 -> 0.035156, 1.007324, -0.276611, -4.091603, -10.503817, 0.916031
17:51:54.124 -> 0.035400, 1.006348, -0.301758, -4.030534, -12.030535, 0.793893
17:51:54.158 -> 0.034668, 1.009277, -0.310303, -3.969466, -13.740458, 0.793893
17:51:54.158 -> 0.036865, 1.000732, -0.324951, -4.030534, -15.389313, 0.671756
17:51:54.158 -> 0.036377, 1.002441, -0.333252, -3.725191, -17.526718, 1.099237
17:51:54.191 -> 0.046143, 1.005615, -0.343994, -3.786260, -19.480917, 0.854962
17:51:54.191 -> 0.043457, 1.008057, -0.341309, -3.603053, -21.312977, 0.916031
17:51:54.191 -> 0.047119, 1.010986, -0.339844, -3.603053, -23.511450, 0.977099
17:51:54.225 -> 0.050781, 1.006104, -0.335693, -3.541985, -25.465649, 0.854962
17:51:54.225 -> 0.048096, 1.010742, -0.329102, -3.419847, -27.236641, 0.793893
17:51:54.258 -> 0.051025, 1.011230, -0.326904, -3.541985, -29.374046, 0.916031
17:51:54.258 -> 0.060303, 1.007812, -0.325195, -3.297710, -31.206106, 0.854962
17:51:54.291 -> 0.058594, 1.009277, -0.307617, -3.175573, -32.793892, 0.854962
17:51:54.291 -> 0.069092, 0.998047, -0.295654, -3.175573, -34.625954, 0.916031
17:51:54.291 -> 0.063721, 1.011230, -0.298340, -3.236641, -36.213741, 0.977099
17:51:54.324 -> 0.069824, 1.005859, -0.280518, -3.664122, -38.045803, 0.977099
17:51:54.324 -> 0.065918, 1.011963, -0.279541, -3.480916, -39.328243, 0.977099
17:51:54.324 -> 0.068848, 1.007568, -0.278564, -3.297710, -40.854961, 1.038168
17:51:54.358 -> 0.081055, 1.009521, -0.241699, -3.236641, -41.954197, 0.977099
17:51:54.358 -> 0.075439, 1.013184, -0.257812, -2.931298, -43.236641, 0.977099
17:51:54.431 -> 0.083252, 1.007324, -0.245361, -2.870229, -44.580154, 1.099237
17:51:54.431 -> 0.085693, 1.005127, -0.236572, -2.564886, -45.801525, 0.916031
17:51:54.431 -> 0.083252, 1.012695, -0.239014, -3.297710, -46.717556, 0.854962
17:51:54.431 -> 0.084229, 1.001709, -0.235352, -3.236641, -47.938931, 0.854962
17:51:54.431 -> 0.090576, 1.003662, -0.222656, -2.931298, -49.099236, 1.221374
17:51:54.483 -> 0.086182, 1.021729, -0.201904, -3.175573, -49.954197, 1.099237
17:51:54.483 -> 0.099854, 0.997559, -0.205811, -3.297710, -50.931297, 0.916031
17:51:54.483 -> 0.098877, 1.011963, -0.213379, -3.419847, -51.603054, 1.038168
17:51:54.483 -> 0.109375, 0.990479, -0.220215, -3.297710, -52.702290, 1.038168
17:51:54.559 -> 0.092773, 1.035889, -0.211670, -3.480916, -53.251907, 1.099237
17:51:54.559 -> 0.106201, 0.988770, -0.198975, -3.664122, -54.534351, 1.099237
17:51:54.559 -> 0.114746, 1.030518, -0.215820, -2.992366, -54.778625, 0.916031
17:51:54.559 -> 0.102295, 0.987061, -0.204102, -3.236641, -55.877861, 1.099237
17:51:54.559 -> 0.110107, 1.037598, -0.196533, -3.297710, -56.427483, 1.160305
17:51:54.559 -> 0.105469, 0.982422, -0.195557, -3.541985, -57.465649, 1.221374
17:51:54.631 -> 0.120361, 1.022705, -0.188965, -3.725191, -57.954197, 1.099237
17:51:54.631 -> 0.107666, 0.999268, -0.182373, -3.480916, -58.564884, 0.916031
17:51:54.631 -> 0.122559, 1.019775, -0.182129, -3.480916, -59.114506, 1.160305
17:51:54.631 -> 0.119385, 1.005371, -0.169678, -3.358779, -59.603054, 1.038168
17:51:54.631 -> 0.121826, 1.001465, -0.154785, -3.114504, -60.030533, 0.977099
17:51:54.631 -> 0.122559, 1.006104, -0.198975, -3.603053, -61.312977, 1.160305
17:51:54.686 -> 0.126465, 1.003174, -0.166504, -3.297710, -61.312977, 0.916031
17:51:54.686 -> 0.122803, 1.017578, -0.175293, -3.236641, -61.923664, 1.038168
17:51:54.686 -> 0.119629, 0.995605, -0.159424, -3.480916, -62.595421, 1.038168
17:51:54.686 -> 0.127197, 1.017822, -0.163574, -2.992366, -62.778625, 1.038168
17:51:54.760 -> 0.128174, 1.006104, -0.163330, -2.748092, -63.083969, 1.038168
17:51:54.760 -> 0.129395, 1.017334, -0.152344, -3.297710, -63.633587, 1.160305
17:51:54.760 -> 0.127441, 1.004639, -0.145020, -3.541985, -63.938931, 0.916031
17:51:54.760 -> 0.134521, 1.014893, -0.165771, -3.725191, -64.000000, 1.221374
17:51:54.760 -> 0.122559, 1.006592, -0.156738, -3.419847, -64.366409, 1.160305
17:51:54.831 -> 0.136719, 1.009033, -0.141113, -3.419847, -64.854965, 1.221374
17:51:54.831 -> 0.126465, 1.011230, -0.149658, -3.297710, -65.221375, 1.099237
17:51:54.831 -> 0.136963, 1.009033, -0.143555, -3.297710, -65.282440, 1.099237
17:51:54.831 -> 0.131348, 1.007812, -0.134521, -3.175573, -65.709923, 1.038168
17:51:54.831 -> 0.125732, 1.003662, -0.131836, -3.358779, -65.893127, 1.099237
17:51:54.831 -> 0.140137, 1.008789, -0.142822, -3.358779, -65.893127, 1.282443
17:51:54.916 -> 0.135986, 1.005127, -0.131836, -3.236641, -66.137405, 1.221374
17:51:54.916 -> 0.138428, 1.019043, -0.118164, -2.931298, -66.320610, 0.916031
17:51:54.916 -> 0.137695, 1.009033, -0.125244, -3.236641, -66.137405, 0.916031
17:51:54.916 -> 0.131836, 1.009277, -0.102295, -2.870229, -66.259544, 1.038168
17:51:54.916 -> 0.134277, 1.006104, -0.094482, -3.114504, -66.259544, 1.099237
17:51:54.916 -> 0.139893, 1.008545, -0.110840, -3.297710, -66.015266, 1.038168
17:51:54.986 -> 0.133057, 1.008057, -0.093750, -2.992366, -65.893127, 1.160305
17:51:54.986 -> 0.136719, 1.006592, -0.072510, -2.992366, -65.404579, 1.099237
17:51:54.986 -> 0.131348, 1.011230, -0.086182, -3.114504, -65.404579, 1.160305
17:51:54.986 -> 0.134521, 1.005127, -0.067871, -2.992366, -65.038170, 1.038168
17:51:54.986 -> 0.126465, 1.011719, -0.083496, -3.419847, -64.549622, 1.038168
17:51:55.034 -> 0.129395, 1.002197, -0.060303, -2.931298, -64.305344, 1.160305
17:51:55.034 -> 0.114014, 1.014160, -0.077637, -2.748092, -63.938931, 1.160305
17:51:55.034 -> 0.126953, 0.998779, -0.060547, -3.236641, -63.511452, 0.977099
17:51:55.034 -> 0.116699, 1.014160, -0.063232, -2.748092, -63.206108, 1.099237
17:51:55.068 -> 0.122070, 1.010498, -0.070312, -3.175573, -62.900764, 1.038168
17:51:55.068 -> 0.127441, 1.008057, -0.071777, -3.480916, -62.534351, 1.221374
17:51:55.068 -> 0.121582, 1.010742, -0.062012, -3.358779, -62.045803, 1.038168
17:51:55.126 -> 0.117432, 1.006836, -0.073242, -3.175573, -61.618320, 0.977099
17:51:55.126 -> 0.118164, 1.009521, -0.069336, -3.175573, -61.435116, 0.977099
17:51:55.126 -> 0.113525, 1.009277, -0.071533, -3.236641, -60.824429, 1.221374
17:51:55.126 -> 0.113525, 1.005127, -0.070557, -3.114504, -60.702290, 0.977099
17:51:55.167 -> 0.108643, 1.008789, -0.070068, -3.419847, -60.030533, 1.038168
17:51:55.167 -> 0.110596, 1.005859, -0.070557, -3.419847, -59.847328, 1.160305
17:51:55.167 -> 0.118652, 1.012939, -0.068359, -3.053435, -59.297710, 1.038168
17:51:55.226 -> 0.110352, 1.007080, -0.070068, -3.175573, -59.053436, 0.793893
17:51:55.226 -> 0.108643, 1.008301, -0.076172, -3.053435, -58.625954, 0.977099
17:51:55.226 -> 0.103271, 1.004883, -0.081543, -3.480916, -58.198475, 1.099237
17:51:55.226 -> 0.106934, 1.009033, -0.069824, -3.419847, -58.137405, 1.099237
17:51:55.226 -> 0.110352, 1.011719, -0.070312, -3.358779, -57.526718, 0.916031
17:51:55.293 -> 0.102051, 1.003662, -0.067383, -3.236641, -57.099236, 0.977099
17:51:55.293 -> 0.106201, 1.012939, -0.065186, -3.236641, -56.671757, 1.099237
17:51:55.293 -> 0.100342, 1.012939, -0.071777, -2.748092, -56.244274, 0.977099
17:51:55.293 -> 0.104004, 1.013184, -0.075684, -3.419847, -55.877861, 0.793893
17:51:55.362 -> 0.096924, 1.010986, -0.064209, -3.297710, -55.755726, 0.916031
17:51:55.362 -> 0.095215, 1.010498, -0.066406, -3.358779, -55.083969, 1.099237
17:51:55.362 -> 0.099609, 1.004395, -0.066650, -3.114504, -54.717556, 0.977099
17:51:55.362 -> 0.094727, 1.007324, -0.065918, -3.175573, -54.473282, 1.038168
17:51:55.362 -> 0.094482, 1.000732, -0.073242, -3.175573, -53.923664, 1.160305
17:51:55.362 -> 0.093262, 1.008057, -0.064453, -3.236641, -53.679390, 1.160305
17:51:55.398 -> 0.093750, 1.010010, -0.072998, -3.114504, -53.068703, 1.038168
17:51:55.398 -> 0.089844, 1.008545, -0.071777, -3.175573, -52.946564, 0.916031
17:51:55.435 -> 0.089355, 1.016113, -0.068848, -3.541985, -52.335876, 1.038168
17:51:55.435 -> 0.090332, 1.008301, -0.067139, -3.725191, -51.969467, 1.221374
17:51:55.435 -> 0.088135, 1.009766, -0.060547, -3.480916, -51.480915, 1.038168
17:51:55.481 -> 0.084961, 1.002930, -0.072998, -2.748092, -51.114506, 0.977099
17:51:55.481 -> 0.083008, 1.003906, -0.064941, -2.809160, -50.625954, 0.977099
17:51:55.481 -> 0.080078, 1.017090, -0.065918, -3.480916, -50.198475, 1.038168
17:51:55.481 -> 0.077637, 1.008057, -0.051025, -3.175573, -49.648853, 1.221374
17:51:55.508 -> 0.080322, 1.005127, -0.062988, -3.603053, -49.343513, 0.977099
17:51:55.508 -> 0.076172, 1.008789, -0.062988, -3.664122, -48.793892, 0.977099
17:51:55.522 -> 0.074707, 1.011963, -0.058594, -3.603053, -48.244274, 0.854962
17:51:55.551 -> 0.071533, 1.008301, -0.054199, -2.442748, -47.511452, 0.916031
17:51:55.551 -> 0.078613, 1.007812, -0.065918, -2.870229, -47.206108, 0.977099
17:51:55.584 -> 0.073242, 1.004150, -0.043945, -2.931298, -46.595421, 0.916031
17:51:55.584 -> 0.068359, 1.010742, -0.051758, -3.236641, -46.167938, 1.099237
17:51:55.617 -> 0.072998, 1.004639, -0.047852, -2.992366, -45.618320, 1.099237
17:51:55.617 -> 0.066895, 1.004883, -0.038818, -2.931298, -44.763359, 1.038168
17:51:55.617 -> 0.060303, 1.005615, -0.044434, -2.809160, -44.213741, 0.977099
17:51:55.650 -> 0.068604, 1.008301, -0.037598, -3.053435, -43.297710, 0.977099
17:51:55.650 -> 0.059814, 1.006104, -0.031738, -3.114504, -42.748093, 0.854962
17:51:55.684 -> 0.059082, 1.015381, -0.019775, -2.931298, -41.770992, 1.099237
17:51:55.684 -> 0.058350, 1.008057, -0.014404, -2.809160, -40.916031, 1.038168
17:51:55.684 -> 0.062500, 1.009521, -0.007812, -2.809160, -40.122139, 1.038168
17:51:55.717 -> 0.060059, 1.010010, 0.004639, -2.687023, -38.900764, 1.038168
17:51:55.717 -> 0.052490, 1.007568, 0.009521, -2.809160, -37.984734, 1.160305
17:51:55.750 -> 0.047363, 1.014893, 0.029297, -2.687023, -36.519085, 0.916031
17:51:55.750 -> 0.049072, 1.002686, 0.040283, -2.809160, -35.114506, 0.977099
17:51:55.750 -> 0.038818, 1.007568, 0.064209, -2.687023, -33.587788, 1.038168
17:51:55.783 -> 0.037598, 1.009033, 0.089600, -2.564886, -31.694656, 0.977099
17:51:55.783 -> 0.032471, 1.011230, 0.110352, -2.809160, -29.984734, 1.160305
17:51:55.783 -> 0.031982, 1.008545, 0.129639, -2.564886, -27.786259, 0.977099
17:51:55.817 -> 0.024170, 1.012939, 0.139404, -2.625954, -25.404581, 1.038168
17:51:55.817 -> 0.021973, 1.005859, 0.175781, -2.625954, -22.778625, 0.793893
17:51:55.850 -> 0.022705, 1.012207, 0.192139, -2.564886, -20.091602, 1.038168
17:51:55.850 -> 0.019531, 1.009033, 0.194336, -2.809160, -17.221375, 0.916031
17:51:55.850 -> 0.014648, 1.013916, 0.183594, -2.931298, -14.595420, 0.916031
17:51:55.896 -> 0.015625, 1.010254, 0.154297, -2.931298, -11.908397, 0.854962
17:51:55.896 -> 0.020752, 1.013184, 0.123535, -3.114504, -9.709924, 0.977099
17:51:55.896 -> 0.011719, 1.010010, 0.046387, -3.786260, -7.816794, 0.732824
17:51:55.927 -> 0.007812, 1.006836, -0.004883, -4.152672, -6.656488, 0.854962
17:51:55.927 -> 0.010010, 1.005371, -0.033936, -3.725191, -5.801527, 0.793893
17:51:55.955 -> 0.016602, 1.007812, -0.057861, -3.541985, -5.190840, 0.977099
17:51:55.955 -> 0.017578, 1.006348, -0.084229, -3.358779, -4.824428, 0.732824
17:51:55.955 -> 0.018066, 1.015381, -0.098877, -3.053435, -4.458015, 0.732824
17:51:55.993 -> 0.014893, 1.008301, -0.109863, -2.992366, -4.274809, 0.793893
17:51:55.993 -> 0.020020, 1.008545, -0.117676, -2.931298, -4.152672, 0.793893
17:51:56.021 -> 0.017578, 1.010986, -0.116211, -4.152672, -4.519084, 0.916031
17:51:56.021 -> 0.022461, 1.006104, -0.116211, -3.664122, -4.213740, 0.977099
17:51:56.057 -> 0.015625, 1.006104, -0.119629, -2.076336, -4.152672, 0.916031
17:51:56.057 -> 0.021484, 1.018066, -0.118164, -3.297710, -4.274809, 0.793893
17:51:56.057 -> -0.002686, 1.019287, -0.011475, -3.664122, -3.847328, 0.793893
17:51:56.098 -> -0.049316, 0.981689, 0.052490, -3.358779, -3.175573, 0.793893
17:51:56.098 -> 0.011963, 0.999512, -0.099854, -3.847328, -3.603053, 0.793893
17:51:56.098 -> 0.024414, 1.004883, -0.108398, -3.603053, -3.664122, 0.671756
17:51:56.133 -> 0.020020, 1.008057, -0.067627, -3.480916, -3.358779, 0.916031
17:51:56.133 -> 0.021240, 1.003174, -0.118896, -3.297710, -3.236641, 0.793893
17:51:56.133 -> 0.019287, 1.012451, -0.101807, -3.419847, -3.114504, 0.854962
17:51:56.174 -> 0.014160, 1.009277, -0.108398, -3.480916, -2.931298, 0.732824
17:51:56.174 -> 0.023926, 1.009277, -0.102539, -3.358779, -2.931298, 0.671756
17:51:56.174 -> 0.012939, 1.006104, -0.064941, -3.053435, -2.503817, 0.793893
17:51:56.217 -> 0.014893, 1.009033, -0.078857, -3.786260, -2.381679, 0.854962
17:51:56.217 -> 0.020996, 1.016846, -0.084473, -3.419847, -1.770992, 0.793893
17:51:56.217 -> 0.011719, 1.004150, -0.015625, -3.053435, -0.977099, 0.732824
17:51:56.247 -> 0.023193, 1.012939, -0.083008, -4.091603, -0.793893, 0.732824
17:51:56.247 -> 0.015869, 1.005859, -0.115723, -3.541985, -0.793893, 0.977099
17:51:56.247 -> 0.023193, 1.008789, -0.107910, -3.419847, -0.549618, 0.793893
17:51:56.280 -> 0.023193, 1.014893, -0.139648, -3.603053, -0.671756, 0.671756
17:51:56.280 -> 0.018311, 1.005615, -0.115723, -3.786260, -0.916031, 0.732824
17:51:56.316 -> 0.019287, 1.012695, -0.130859, -4.030534, -0.854962, 0.916031
17:51:56.316 -> 0.019775, 1.007568, -0.113037, -3.603053, -0.732824, 0.854962
17:51:56.316 -> 0.016602, 1.004150, -0.120361, -3.847328, -0.732824, 0.793893
17:51:56.346 -> 0.024170, 1.002686, -0.114990, -3.969466, -0.854962, 0.671756
17:51:56.346 -> 0.023926, 1.006348, -0.131592, -3.786260, -0.854962, 0.793893
17:51:56.380 -> 0.014893, 1.006104, -0.146484, -3.725191, -0.977099, 0.916031
17:51:56.380 -> 0.015137, 1.011963, -0.131348, -3.725191, -1.221374, 0.854962
17:51:56.380 -> 0.024414, 1.006104, -0.126465, -3.236641, -1.038168, 0.610687
17:51:56.413 -> 0.022705, 0.998291, -0.179688, -3.419847, -1.221374, 0.854962
17:51:56.413 -> 0.025635, 0.998291, -0.159668, -4.213740, -1.526718, 0.610687
17:51:56.446 -> 0.020020, 1.014648, -0.170898, -3.908397, -2.564886, 0.793893
17:51:56.446 -> 0.009521, 1.008301, -0.153076, -3.114504, -2.809160, 0.916031
17:51:56.446 -> 0.017578, 1.007324, -0.115234, -2.931298, -3.053435, 0.854962
17:51:56.479 -> 0.004150, 1.009766, -0.145996, -3.419847, -3.725191, 0.854962
17:51:56.479 -> 0.008545, 1.006348, -0.123535, -2.748092, -4.030534, 0.977099
17:51:56.512 -> 0.036133, 1.007568, -0.108887, -2.442748, -3.358779, 0.671756
17:51:56.512 -> 0.019043, 1.014160, -0.140381, -2.992366, -3.725191, 0.977099
17:51:56.512 -> 0.031250, 1.012939, -0.139404, -2.931298, -4.152672, 0.732824
17:51:56.551 -> 0.023926, 1.008545, -0.081299, -3.053435, -3.541985, 0.916031
17:51:56.551 -> 0.021240, 1.013428, -0.118408, -2.931298, -3.664122, 0.854962
17:51:56.551 -> 0.020508, 1.005615, -0.118896, -2.564886, -3.358779, 1.038168
17:51:56.579 -> 0.034424, 1.018555, -0.147705, -3.480916, -3.236641, 0.916031
17:51:56.579 -> 0.025635, 1.020264, -0.138916, -3.053435, -3.419847, 1.038168
17:51:56.616 -> 0.021973, 1.002197, -0.130615, -2.748092, -3.541985, 0.977099
17:51:56.616 -> 0.031738, 1.011719, -0.122314, -2.992366, -3.847328, 0.793893
17:51:56.655 -> 0.019287, 0.999756, -0.141846, -3.053435, -3.908397, 0.671756
17:51:56.655 -> Logging complete.

